#	A	C	D	E	F	G	H	I	K	L	M	N	P	Q	R	S	T	V	W	X	Y	sum	
M1:	-25	-65	-8	-46	-40	-24	-46	-61	-23	-63	-100	-70	-18	-57	-29	-51	-53	-66	-25	0	-44	-914
K2:	-94	-80	-97	-97	-57	-93	-96	-94	-99	-93	-83	-98	-93	-97	-98	-99	-99	-93	-50	0	-60	-1770
V3:	-98	-98	-91	-96	-98	-95	-96	-100	-96	-99	-99	-96	-95	-98	-96	-97	-98	-100	-88	0	-97	-1931
D4:	-41	-5	-98	-80	-41	-55	-86	-41	-43	-48	-3	-89	-35	-78	-39	-77	-70	-41	19	0	-46	-997
Y5:	-24	-40	3	-34	-84	-9	-73	-50	-17	-70	-50	-25	19	-58	-47	-35	-71	-48	-30	0	-96	-839
E6:	-35	12	-86	-97	0	-16	23	-25	-51	-34	18	-47	22	-84	-52	-67	-56	-45	42	0	32	-546
Q7:	-75	-51	-74	-89	12	-72	-86	-41	-74	-53	-49	-79	-24	-96	-61	-88	-91	-63	19	0	-2	-1137
L8:	26	15	72	66	-17	62	60	-79	68	-95	-87	42	72	54	51	38	45	-67	56	0	51	433
C9:	-62	-86	-7	-59	41	-19	-14	-30	-70	-44	-29	-38	22	-58	-47	-71	-69	-69	56	0	44	-609
K10:	-85	-59	-72	-92	5	-66	-74	-75	-99	-67	-84	-84	-57	-95	-96	-93	-92	-76	20	0	2	-1339
L11:	-83	-74	-45	-48	-89	-71	-76	-90	-52	-97	-90	-63	-41	-67	-70	-85	-83	-86	-56	0	-97	-1463
Y12:	-9	-38	50	42	-56	15	-37	-47	34	-52	-5	18	45	14	36	-39	-2	-18	4	0	-89	-134
D13:	-75	-28	-93	-89	34	-40	-34	-44	-65	-25	-31	-83	-34	-72	-44	-88	-72	-37	44	0	11	-865
D14:	-75	-31	-95	-93	0	-65	-55	-58	-89	-62	-58	-75	-38	-89	-75	-88	-86	-71	24	0	15	-1164
T15:	-57	-63	-42	-60	-69	-82	-92	-60	-56	-59	-67	-87	-69	-77	-72	-89	-94	-72	-49	0	-85	-1401
C16:	-83	-98	-52	-41	-73	-55	-92	-84	-72	-87	-71	-75	-71	-76	-74	-85	-85	-82	-38	0	-89	-1483
R17:	-27	-16	23	-7	-5	-20	-24	-44	-95	-32	-50	-62	-30	-38	-93	-73	-72	-11	63	0	12	-601
T18:	-68	-44	-75	-69	12	-79	-27	-58	-79	-63	-19	-89	-90	-86	-64	-96	-98	-74	22	0	-27	-1171
K19:	-61	-39	-37	-71	19	-44	-68	-47	-95	-54	-59	-53	-55	-75	-91	-77	-56	-47	38	0	10	-962
N20:	-33	6	-77	-45	18	-89	-78	14	-46	20	-19	-96	22	-65	20	-73	-77	1	28	0	-7	-576
V21:	-81	-82	-32	-67	-96	-69	-93	-96	-80	-95	-93	-77	-69	-88	-92	-84	-90	-97	-66	0	-97	-1644
Q22:	-67	-33	-64	-82	-44	-61	-90	-68	-95	-57	-66	-82	-57	-94	-80	-83	-88	-63	-23	0	-41	-1338
F23:	65	41	84	70	-76	75	59	42	80	37	14	70	79	64	73	64	60	48	71	0	-80	940
S24:	-51	13	4	-30	22	-21	27	-22	-35	29	21	-46	60	-66	-27	-82	-96	-35	50	0	28	-257
Y25:	83	80	94	94	73	90	92	86	96	90	87	93	96	94	95	91	90	83	90	0	-57	1640
G26:	77	83	92	91	87	-77	88	88	93	90	86	87	95	92	93	86	87	90	94	0	93	1615
T27:	77	80	88	85	88	84	78	84	88	83	82	80	92	85	87	73	-85	78	90	0	83	1500
A28:	-89	61	89	88	88	69	84	78	88	83	67	84	88	84	86	53	68	75	89	0	87	1420
G29:	85	85	94	93	88	-66	92	89	94	90	86	87	93	91	93	88	86	90	94	0	91	1643
F30:	70	53	92	88	-78	86	88	70	91	69	59	89	92	86	86	81	83	75	79	0	70	1429
R31:	88	81	96	95	94	93	93	91	91	93	88	92	95	93	-74	89	84	92	95	0	92	1661
T32:	-75	-50	-29	3	-38	-62	-62	-25	17	-21	-65	-43	1	-18	12	-85	-91	-22	34	0	-62	-681
L33:	-85	-76	-67	-84	-66	-69	-75	-88	-87	-91	-91	-80	-65	-89	-84	-85	-90	-82	15	0	-84	-1523
A34:	-93	35	71	71	68	-41	45	41	60	47	46	-9	76	46	51	-47	29	34	75	0	44	649
K35:	-54	18	-57	-73	48	-38	-44	-29	-94	-25	-32	-83	-17	-63	-81	-93	-91	-51	58	0	46	-755
N36:	-52	-28	-76	-56	-48	-58	-73	-73	-75	-74	-64	-89	-22	-66	-43	-76	-88	-81	-4	0	-83	-1229
L37:	46	29	75	69	21	64	46	3	75	-96	-46	70	64	49	73	45	43	-1	65	0	43	737
D38:	-16	36	-94	-53	49	-33	49	54	61	56	38	-31	53	37	53	30	18	31	66	0	61	465
T39:	-34	-57	-7	-1	40	-48	4	5	10	6	47	-62	-25	-43	4	-90	-95	-21	67	0	-48	-348
V40:	17	-17	73	70	48	64	41	-11	76	52	-2	70	59	66	63	51	6	-97	48	0	64	741
M41:	-1	-54	79	75	-18	68	59	-41	59	-71	-79	25	65	34	67	17	-8	-61	73	0	27	315
F42:	69	23	90	84	-64	87	71	62	87	73	57	86	77	78	84	80	80	37	79	0	-14	1226
S43:	-20	27	73	69	66	41	59	70	-1	67	41	54	81	57	17	-62	-88	56	79	0	62	748
T44:	12	22	71	73	77	71	67	14	81	27	38	65	51	59	81	-38	-94	-77	62	0	76	738
G45:	46	82	90	88	87	-72	90	87	93	88	84	82	84	89	90	77	82	85	86	0	88	1526
I46:	3	-1	78	70	27	60	65	-93	74	-66	-22	68	76	41	53	51	43	-74	64	0	32	549
L47:	-5	-38	72	65	-6	40	59	-82	67	-95	-31	59	69	35	65	13	31	-84	55	0	49	338
A48:	-96	9	56	43	22	5	-8	28	41	42	-28	22	59	-2	23	-16	-4	26	36	0	-20	238
V49:	-96	-96	-10	-35	-57	-75	12	-77	-47	-67	-30	-40	-13	-61	-49	-90	-86	-93	47	0	-68	-1031
L50:	-24	-44	61	55	-6	25	42	-38	57	-97	-26	43	60	29	34	7	-35	-36	38	0	12	157
R51:	70	50	89	82	84	77	59	77	62	78	76	68	88	58	-91	63	60	78	88	0	80	1296
S52:	-3	21	14	33	36	7	-14	36	31	44	38	-12	57	39	26	-98	-27	29	38	0	32	327
L53:	-78	-53	8	-14	-84	-25	-69	-95	-89	-99	-98	-25	4	-94	-91	-43	-91	-92	-71	0	-49	-1248
K54:	-67	-75	-23	-39	-64	-57	-83	-50	-93	-66	-65	-72	-17	-76	-91	-82	-79	-70	-9	0	-87	-1265
L55:	-12	-71	30	24	-22	7	-61	-39	-10	-98	-66	17	15	-21	0	-17	-48	-31	6	0	-24	-421
Q56:	-81	-76	-87	-92	-63	-86	-89	-74	-96	-79	-87	-96	-48	-97	-88	-93	-90	-72	0	0	-24	-1518
G57:	-6	-26	22	14	39	-97	-55	16	24	27	-6	-15	46	-26	29	-79	0	10	43	0	43	3
Q58:	-64	-33	-46	-46	13	-55	-1	9	-92	-44	-35	-46	34	-95	-58	-82	-67	-37	-14	0	5	-754
Y59:	-17	-27	37	8	-59	18	-41	-46	32	-36	-24	-17	17	-6	21	-42	-67	-58	-50	0	-86	-443
V60:	5	-1	71	43	42	55	20	-95	54	23	-17	56	60	46	59	38	-12	-97	61	0	53	464
G61:	50	63	81	82	82	-93	78	78	87	81	76	72	86	73	85	62	69	65	85	0	83	1345
V62:	-14	-23	71	55	63	68	55	4	74	36	27	68	80	67	75	45	37	-95	78	0	72	843
M63:	43	-9	79	69	57	68	71	13	80	22	-96	60	81	51	78	54	61	-1	71	0	59	911
I64:	41	20	80	76	53	72	47	-97	77	-59	-3	70	81	63	74	40	53	-85	72	0	65	740
T65:	50	59	76	65	73	70	66	69	76	66	58	68	81	55	74	10	-95	62	74	0	63	1120
A66:	-95	38	81	68	73	47	69	63	67	68	57	68	73	47	69	47	51	60	77	0	71	1099
S67:	18	25	52	36	42	52	34	52	39	42	40	32	70	13	54	-98	18	41	67	0	53	682
H68:	65	68	86	77	73	79	-94	68	88	78	55	69	91	75	83	70	67	76	84	0	75	1333
N69:	45	55	65	60	70	60	31	69	62	69	60	-96	79	46	57	20	43	66	78	0	56	995
P70:	-3	10	27	38	30	6	-45	21	3	7	-1	12	-98	-13	29	-2	-2	8	37	0	27	91
Y71:	1	-51	-22	-81	-48	30	-38	-47	12	-12	-45	14	-95	-21	0	-66	9	-61	-63	0	-91	-675
Q72:	-91	-90	-91	-96	-35	-87	-93	-83	-92	-83	-89	-94	-90	-98	-93	-96	-94	-82	-21	0	-48	-1646
D73:	70	74	-75	72	79	83	78	83	88	82	83	86	90	70	86	71	75	82	86	0	72	1435
N74:	36	41	58	52	57	48	41	47	53	55	46	-96	72	23	61	34	7	43	70	0	59	807
G75:	63	70	83	82	85	-90	85	83	90	85	82	74	88	83	89	63	80	79	88	0	87	1449
V76:	23	-28	70	63	7	53	56	-10	69	14	-3	60	73	57	55	46	32	-95	66	0	3	611
K77:	76	71	87	86	85	84	76	82	-91	84	77	75	85	71	72	77	78	81	89	0	84	1429
I78:	32	-9	74	68	-17	64	61	-94	71	-88	-50	63	74	39	68	46	43	-94	62	0	47	460
V79:	32	25	70	66	-3	60	56	-82	60	29	13	56	72	54	62	37	22	-96	22	0	4	559
E80:	33	17	-86	-87	35	25	53	41	58	49	18	25	72	38	58	16	43	47	14	0	51	520
P81:	36	29	79	72	55	68	58	46	71	59	55	65	-86	63	75	-1	52	60	74	0	67	997
D82:	-35	-31	-63	-35	-13	-2	-64	-3	-27	-44	-46	-67	39	-49	-31	-73	-54	-17	26	0	-59	-648
G83:	77	78	90	91	89	-88	88	82	92	89	86	86	92	87	91	72	83	80	91	0	90	1546
S84:	-62	1	-72	-90	1	-87	-7	-1	-50	24	3	-78	31	-66	16	-98	-76	6	41	0	22	-542
M85:	34	20	80	72	51	65	60	30	67	22	-97	68	71	42	68	54	33	30	60	0	55	885
L86:	52	24	68	75	15	64	67	11	77	-95	-90	69	78	61	74	59	53	1	61	0	40	764
L87:	-71	-56	-50	-72	-46	-50	-61	-71	-87	-84	-86	-70	-48	-78	-58	-78	-84	-81	28	0	10	-1193
A88:	-97	-84	-82	-93	-27	-86	-82	-90	-88	-85	-94	-89	-84	-97	-89	-98	-97	-93	-14	0	-28	-1597
T89:	-68	0	-72	-83	25	-58	-57	17	-69	19	8	-89	28	-87	-65	-97	-90	-7	39	0	13	-693
W90:	77	60	84	83	53	80	81	70	89	72	72	84	91	82	87	83	83	69	-84	0	60	1376
E91:	42	41	52	-94	66	66	57	64	67	63	56	39	80	39	73	56	48	52	73	0	66	1006
P92:	-78	-50	-59	-78	-30	-54	-76	-66	-86	-50	-56	-77	-93	-81	-74	-86	-82	-79	20	0	7	-1228
Y93:	43	6	66	50	-35	57	-63	-38	41	-21	-25	52	72	30	51	47	42	-10	-33	0	-87	245
A94:	-92	-37	72	70	66	43	66	41	67	47	48	62	74	62	67	22	-12	44	72	0	69	851
M95:	18	46	70	72	66	76	74	55	85	62	-34	65	88	74	81	65	-72	33	80	0	67	1071
Q96:	-19	22	-17	-42	60	21	6	15	-32	11	-14	-21	54	-53	-18	-27	-23	-2	50	0	40	11
L97:	57	38	86	82	4	81	80	-41	85	-86	26	81	87	77	82	74	71	18	77	0	75	1054
A98:	-61	56	82	77	79	69	79	66	80	77	58	74	86	73	77	20	53	55	83	0	80	1263
N99:	53	50	63	65	62	53	46	62	66	69	58	-83	78	49	55	36	44	64	77	0	62	1029
A100:	-87	-80	23	-19	-1	-8	-16	-59	-31	-23	-23	-10	22	-40	-11	-78	-82	-80	53	0	-29	-579
A101:	-92	7	-46	-64	46	-47	39	-60	-54	-55	24	-46	-41	-62	-52	-80	-72	-68	53	0	44	-626
S102:	-36	-11	-62	-27	17	-21	-53	7	-18	2	2	-69	1	-51	-9	-92	-85	-6	63	0	14	-434
F103:	-36	-8	1	-24	-72	-32	-61	-48	-21	-50	-45	-35	-18	-51	-12	-52	-58	-45	-39	0	-85	-791
A104:	-90	-53	-71	-86	-35	-64	-43	-62	-82	-72	-56	-60	-52	-68	-61	-85	-72	-71	39	0	-33	-1177
T105:	-63	-18	-57	-69	-34	-48	-34	-17	-79	-32	-28	-60	-35	-62	-40	-91	-87	-24	45	0	33	-800
N106:	-28	-8	-43	-53	22	-34	-6	13	-27	-29	-21	-85	-47	-63	-29	-83	-82	-43	33	0	29	-584
F107:	9	2	28	29	-83	22	-52	-29	15	-19	-25	-6	11	-14	19	-3	-43	-28	5	0	-67	-229
E108:	-28	20	-87	-86	46	-19	-66	-23	13	3	35	-48	42	-58	16	-50	-60	-10	56	0	43	-261
E109:	-31	37	-79	-84	49	14	-13	-2	-2	0	48	-25	45	-65	11	-57	-41	-11	49	0	54	-103
F110:	23	3	49	48	-74	45	39	-42	54	-87	-23	47	64	14	37	38	15	-36	39	0	24	277
R111:	-48	-22	0	-39	-31	-47	-57	-58	-59	-64	-22	-49	-8	-78	-77	-64	-66	-65	36	0	-49	-867
V112:	-80	-67	-70	-83	-16	-80	-62	-73	-86	-74	-81	-85	-40	-86	-76	-88	-89	-90	38	0	-14	-1302
E113:	-55	-64	-50	-77	-65	-22	-44	-48	-19	-51	-43	-75	35	-70	-34	-50	-77	-71	8	0	-86	-958
L114:	29	12	72	68	18	70	66	-92	77	-92	-49	71	75	57	71	48	50	-82	66	0	24	559
A115:	-83	2	-55	-73	50	-43	-59	-59	-78	-32	-72	-73	9	-77	-54	-71	-68	-58	62	0	35	-797
K116:	-42	19	-44	-61	36	-29	-45	-11	-89	-20	-39	-65	0	-72	-72	-68	-63	-11	55	0	42	-579
L117:	-14	5	57	-21	-53	48	43	-86	-32	-94	-67	32	40	-48	-3	-45	-52	-77	49	0	-18	-336
I118:	-21	-68	62	14	-28	50	10	-89	4	-65	-66	45	33	-12	14	-33	-19	-89	59	0	-19	-218
E119:	-76	12	-74	-93	42	-32	-57	-46	-75	-26	-38	-72	23	-87	-45	-85	-75	-55	53	0	35	-771
H120:	-29	43	-24	-66	47	-9	-65	-20	-60	-9	-10	-41	8	-53	-31	-64	-36	-22	57	0	50	-334
E121:	-64	-83	-56	-87	-79	-50	-88	-76	-44	-87	-72	-80	-21	-79	-50	-68	-81	-75	-36	0	-88	-1364
K122:	-41	-4	-41	-50	46	-61	-34	-47	-93	-11	-19	-82	-25	-66	-79	-72	-65	-36	58	0	3	-719
I123:	34	-19	45	42	-52	48	7	-97	38	-77	-74	-38	-39	12	30	21	9	-76	42	0	28	-116
D124:	24	29	-91	-40	34	38	40	25	-2	38	41	19	-6	32	39	-43	9	39	52	0	45	322
L125:	-9	31	68	64	-47	42	-39	-55	58	-94	-39	39	40	37	-3	-39	-41	-53	23	0	-45	-62
N126:	-61	-28	-79	-71	3	-82	-35	-48	-79	-44	-15	-96	-41	-84	-67	-94	-82	-62	12	0	-12	-1065
T127:	-81	-4	-70	-87	24	-83	-84	-71	-86	-58	-70	-88	-56	-94	-69	-96	-98	-72	-8	0	15	-1236
T128:	-68	-39	-67	-78	28	-77	-84	-43	-88	-44	-44	-85	-84	-82	-63	-92	-95	-40	39	0	26	-1080
V129:	-88	-90	-70	-72	-93	-81	-89	-96	-85	-95	-92	-76	-79	-93	-88	-86	-93	-98	-75	0	-92	-1731
V130:	-80	-61	-59	-84	-42	-61	-44	-83	-86	-83	-84	-76	-48	-86	-80	-88	-88	-88	30	0	19	-1272
P131:	-78	10	66	55	54	-29	40	47	61	40	19	49	-85	47	49	-59	44	36	55	0	54	475
H132:	-34	-49	-46	-75	-17	-35	-83	-40	-83	-33	-56	-78	1	-75	-77	-87	-79	-46	46	0	-8	-954
I133:	13	-20	52	51	7	22	40	-92	51	-86	-20	30	55	35	47	11	-61	-94	43	0	25	109
V134:	-24	-19	63	52	7	38	15	-79	62	-50	19	49	55	43	56	27	-25	-94	18	0	27	240
V135:	51	-18	75	73	61	70	64	-89	78	-34	63	69	87	64	80	60	55	-93	82	0	-10	788
G136:	-28	84	93	93	92	-81	91	90	94	91	90	89	93	90	93	83	85	89	93	0	92	1516
R137:	81	63	93	91	85	85	2	86	51	88	74	86	93	84	-66	82	83	86	92	0	80	1419
D138:	87	89	-84	87	93	93	92	92	92	93	79	91	94	82	94	88	87	90	94	0	94	1627
S139:	33	31	73	69	63	59	56	45	71	40	-4	24	67	58	69	-94	-80	36	74	0	64	754
R140:	85	76	95	93	89	92	89	87	90	89	88	91	93	90	-82	88	86	87	89	0	91	1606
E141:	-24	3	-63	-93	57	44	55	43	7	59	41	44	-16	-39	60	13	23	-25	61	0	29	279
S142:	39	46	67	62	56	64	3	62	68	59	18	35	65	41	60	-96	-52	54	75	0	62	788
S143:	-79	-74	-32	-29	31	-94	-19	18	-28	-30	-10	-58	-16	-61	-18	-98	-79	-54	21	0	45	-664
P144:	-24	-21	-22	-80	-5	-8	-57	-26	-28	-21	-26	-17	-98	-46	-21	-75	-26	-30	3	0	-48	-676
Y145:	-46	-59	-14	-29	-60	-23	-78	-53	-73	-60	-58	-43	-8	-75	-83	-60	-55	-52	-35	0	-91	-1055
L146:	4	-44	49	40	-13	28	46	-27	44	-97	-26	34	58	23	32	22	17	-28	6	0	5	173
L147:	-83	-93	-44	-63	-81	-68	-74	-93	-64	-98	-96	-69	-53	-83	-64	-94	-95	-96	-57	0	-84	-1552
R148:	-77	-23	-80	-87	26	-64	-83	-45	-96	-36	-62	-93	-22	-90	-92	-92	-86	-44	51	0	35	-1060
C149:	-86	-96	-44	-54	-34	-65	-83	-62	-57	-67	-52	-73	-34	-67	-70	-83	-78	-76	-10	0	-62	-1253
L150:	-16	-21	65	43	-23	40	46	-79	43	-97	-75	31	62	22	36	15	-75	-80	41	0	8	-14
T151:	-86	-80	-57	-86	-51	-69	-63	-84	-87	-77	-77	-85	-33	-77	-79	-92	-95	-86	37	0	-46	-1373
S152:	-88	-17	-96	-92	-30	-84	-63	-65	-88	-62	-10	-95	-42	-92	-89	-97	-93	-70	29	0	-10	-1254
S153:	-48	-3	34	32	53	-88	33	37	32	-3	39	-2	60	37	28	-87	-69	45	63	0	33	226
M154:	-50	-82	14	0	-83	-25	-15	-87	23	-84	-84	-13	-1	-30	-5	-37	-51	-87	-2	0	-45	-744
A155:	-86	-14	-59	-77	21	-61	-71	-59	-88	-61	-76	-77	-16	-83	-81	-89	-89	-63	54	0	19	-1056
S156:	-83	-46	-65	-77	6	-61	-53	-23	-59	-17	-38	-79	16	-71	-51	-96	-82	-45	70	0	18	-836
V157:	16	-51	53	44	-60	36	15	-92	50	-85	-18	27	50	33	39	4	-65	-96	57	0	-40	-83
F158:	-11	-44	8	-9	-74	-36	-73	-50	-8	-56	-60	-46	-4	-49	-13	-49	-35	-47	-1	0	-70	-727
H159:	-12	56	-33	-16	53	0	-68	-9	-31	7	62	-83	35	-9	-22	-47	-37	-25	77	0	61	-41
A160:	-98	-54	-7	-24	1	-61	-46	-90	-43	-79	-67	-43	-69	-54	-34	-92	-96	-96	-23	0	-20	-1095
Q161:	-56	-29	-57	-71	7	-51	-58	-57	-90	-50	-17	-81	-31	-92	-74	-77	-82	-58	32	0	1	-991
V162:	-45	-80	17	-1	-82	-16	-72	-91	-5	-56	-57	-16	-15	-33	-18	-46	-50	-93	8	0	-92	-843
L163:	-56	-50	-60	-77	-42	-48	-65	-85	-79	-86	-89	-59	-7	-79	-74	-72	-85	-88	11	0	-54	-1244
D164:	60	48	-79	62	65	78	68	72	79	71	64	-16	85	68	72	63	29	76	81	0	69	1115
L165:	-15	-71	69	9	-81	-7	-57	-64	19	-74	-78	16	61	-33	23	-16	-20	-54	30	0	-82	-425
G166:	65	53	25	35	84	-89	66	76	79	76	68	-4	80	79	75	63	39	75	77	0	84	1106
C167:	25	-79	62	43	43	60	52	29	58	-72	-42	36	68	59	41	39	36	27	69	0	-9	545
V168:	4	2	84	73	-19	71	4	-57	34	-93	-73	15	77	58	24	5	-20	-81	75	0	20	203
T169:	51	60	75	70	70	74	51	63	76	70	61	62	73	63	73	29	-93	65	79	0	76	1148
T170:	79	82	85	82	83	78	80	77	86	84	80	74	84	84	85	63	-94	79	89	0	86	1446
P171:	54	60	69	63	74	64	42	55	73	66	62	62	-92	48	71	63	69	64	77	0	74	1118
Q172:	37	12	54	-1	48	41	42	42	67	55	9	46	77	-91	76	37	37	40	65	0	42	735
L173:	24	-4	65	60	40	56	33	-14	66	-95	-29	63	77	43	69	39	34	-26	62	0	55	618
H174:	48	45	72	57	50	41	-92	55	78	61	41	43	74	46	69	29	60	56	75	0	55	963
Y175:	42	25	71	70	-76	59	22	41	79	51	24	60	86	60	75	53	65	48	1	0	-89	767
I176:	-11	-63	55	42	-36	45	41	-93	56	-97	-65	31	46	31	26	6	3	-86	41	0	-64	-92
T177:	28	32	51	38	47	17	38	28	59	48	16	32	63	31	56	-11	-97	-75	64	0	39	504
D178:	-65	-59	-83	-56	-75	-61	-70	-62	-37	-68	-53	-82	-37	-71	-54	-86	-87	-67	-27	0	-83	-1283
L179:	-87	-80	-67	-93	-71	-77	-81	-88	-88	-94	-94	-83	-57	-93	-89	-94	-95	-89	13	0	-72	-1579
S180:	-72	-82	-66	-53	-88	-81	-93	-80	-84	-83	-85	-89	-62	-89	-84	-95	-96	-75	-68	0	-93	-1618
N181:	-56	10	5	31	10	-17	-61	0	24	18	-1	-98	41	-35	21	-14	-13	3	47	0	23	-62
R182:	-54	21	-72	-59	36	-26	-73	-36	-86	-39	-39	-48	-11	-55	-84	-76	-85	-71	58	0	30	-769
R183:	-32	0	5	-44	13	-15	-42	-13	-81	-19	-2	-35	-17	-59	-68	-53	-49	-15	71	0	12	-443
K184:	-48	33	-20	-68	53	-83	-57	-20	-94	-12	-35	-61	-25	-79	-84	-69	-72	-26	73	0	62	-632
L185:	-49	-43	37	6	-50	-14	-18	-47	18	-81	-81	-15	-9	-7	9	-30	-53	-73	-2	0	-55	-557
E186:	-20	-47	-28	-57	-47	-13	-45	-26	18	-38	-5	-33	44	-35	16	-31	-34	-39	10	0	-72	-482
G187:	-25	55	17	6	65	-47	6	2	13	23	-8	-25	11	-3	27	-66	-51	-16	76	0	68	128
D188:	-21	30	-80	-78	54	-29	-14	4	-27	12	15	-45	-4	-51	-17	-64	-42	-10	72	0	68	-227
T189:	-77	27	-39	-24	45	-26	-17	13	-44	-41	-7	-62	-30	-60	-29	-90	-93	-46	29	0	6	-565
A190:	-79	-53	-33	-49	-73	-64	-64	-83	-52	-72	-59	-64	-30	-68	-67	-82	-65	-80	-10	0	-77	-1224
P191:	-32	43	0	2	57	-59	17	4	13	11	24	-2	-41	-30	6	-44	-17	9	50	0	42	53
V192:	-62	-28	-60	-72	-30	-50	-71	-78	-84	-74	-65	-64	-53	-84	-65	-79	-83	-86	5	0	5	-1178
A193:	-90	-79	-27	-43	-72	-58	-79	-82	-46	-71	-62	-53	-66	-69	-62	-74	-75	-93	-23	0	-81	-1305
T194:	-28	50	-28	-27	11	-21	-49	22	-17	14	4	-58	-21	-45	-35	-85	-93	-6	69	0	57	-286
E195:	22	18	-36	-95	45	56	-17	16	49	30	32	45	67	12	45	43	31	12	55	0	28	458
Q196:	-59	12	-74	-87	-33	-39	-72	-48	-71	-51	-65	-75	-26	-92	-65	-82	-83	-53	30	0	-9	-1042
D197:	-37	-16	-79	-48	-54	-83	-60	-23	-3	-43	-19	-62	-27	-31	-26	-58	-60	-30	-2	0	-72	-833
Y198:	67	66	82	82	53	76	73	71	89	76	76	80	89	79	84	81	80	68	66	0	-68	1370
Y199:	57	23	74	74	-18	72	60	52	82	61	41	67	87	62	78	63	65	52	72	0	-83	1041
S200:	-74	-13	-75	-89	3	-77	-84	-44	-89	-49	-70	-90	-39	-89	-85	-96	-92	-60	33	0	5	-1174
F201:	-28	-46	-6	-31	-84	-37	-75	-50	-59	-57	-76	-55	-19	-69	-41	-50	-60	-56	-14	0	-86	-999
F202:	29	10	72	63	-92	41	24	-68	70	-90	-90	57	64	50	58	47	37	-40	17	0	22	281
I203:	-71	-57	2	-11	-63	-49	-52	-94	-23	-87	-68	-50	-2	-29	-35	-85	-76	-93	-24	0	-32	-999
G204:	-67	-4	-85	-84	16	-84	-66	-41	-80	-36	-42	-90	-23	-83	-69	-94	-86	-47	39	0	15	-1011
A205:	-96	-17	26	13	6	-24	-20	-72	8	1	-32	-6	17	2	13	-89	-80	-18	28	0	-47	-387
F206:	58	23	85	79	-91	60	75	53	84	-32	50	71	71	73	81	63	71	43	-78	0	-45	794
N207:	-77	-14	-84	-85	9	-78	-73	-74	-96	-65	-62	-96	-41	-95	-91	-90	-87	-78	23	0	3	-1251
E208:	-74	-26	-86	-96	16	-48	-62	-47	-88	-45	-58	-83	2	-92	-72	-83	-77	-40	48	0	-51	-1062
L209:	-21	12	67	55	-27	43	44	-92	59	-96	-90	10	63	48	61	32	30	-72	44	0	38	208
F210:	-34	-64	-17	-20	-87	-29	-83	-76	-33	-88	-80	-53	-17	-66	-74	-60	-80	-83	-70	0	-88	-1202
A211:	-98	-70	-93	-97	-45	-94	-93	-94	-98	-89	-96	-97	-87	-97	-97	-97	-98	-93	-37	0	-79	-1749
T212:	-6	2	-20	-8	23	-34	-37	-66	-30	-93	-3	-42	2	-46	1	-70	-93	2	30	0	-10	-498
Y213:	-34	-58	-17	-13	-69	-13	-76	-65	-36	-60	-71	-57	-9	-62	-48	-67	-72	-63	-73	0	-93	-1056
Q214:	-75	-12	-90	-94	-11	-87	-92	-71	-89	-64	-67	-95	-86	-96	-75	-91	-89	-69	-32	0	-10	-1395
L215:	-74	-89	-74	-72	-94	-76	-81	-96	-77	-97	-91	-87	-80	-84	-78	-86	-91	-95	-63	0	-95	-1680
E216:	-73	-49	-89	-96	27	-75	-56	-47	-80	-58	-69	-80	-36	-87	-68	-86	-82	-66	32	0	23	-1115
K217:	-63	-71	-68	-77	-29	-66	-79	-67	-96	-55	-52	-89	-57	-77	-79	-91	-83	-57	27	0	2	-1227
R218:	-58	-59	-36	-79	-10	-45	-38	-19	-92	-43	-51	-66	-41	-54	-87	-74	-66	-32	60	0	-25	-915
L219:	-75	-78	-66	-82	-65	-73	-48	-82	-84	-90	-90	-74	-66	-81	-71	-83	-86	-78	1	0	-70	-1441
S220:	-77	-77	-87	-93	-67	-85	-81	-70	-92	-69	-78	-91	-78	-91	-86	-97	-95	-67	-3	0	-83	-1567
V221:	-74	-89	-46	-70	-93	-79	-89	-92	-82	-90	-92	-83	-75	-73	-73	-80	-88	-95	-52	0	-94	-1609
P222:	-65	-45	-72	-76	-48	-55	-55	-61	-80	-68	-60	-82	-84	-86	-69	-80	-78	-59	16	0	-47	-1254
K223:	-35	-3	-15	-45	38	-17	-61	-1	-92	-14	-13	-71	-24	-49	-69	-72	-69	-22	40	0	38	-556
L224:	40	-62	68	61	10	56	46	-76	62	-93	-44	56	63	45	60	42	36	-74	39	0	19	354
F225:	-28	-65	-6	-18	-80	-12	-63	-81	-27	-66	-72	-32	-12	-51	-40	-49	-89	-83	-23	0	-87	-984
I226:	47	-22	73	55	11	63	61	-96	65	-16	-27	69	78	45	65	53	50	-93	63	0	25	569
D227:	70	75	-85	72	80	85	84	80	87	84	74	83	90	81	84	76	78	84	89	0	87	1458
T228:	-79	-50	58	61	35	-59	47	31	68	54	47	21	15	48	69	-62	-80	33	68	0	56	381
A229:	-96	3	52	53	16	-3	43	29	57	22	13	46	69	41	53	4	10	21	53	0	48	534
N230:	58	29	66	72	74	61	28	74	75	76	68	-94	82	48	78	55	43	62	78	0	71	1104
G231:	64	71	82	84	83	-91	83	83	85	80	81	69	88	81	88	58	76	82	84	0	84	1415
I232:	45	21	79	68	40	65	64	-96	62	15	15	52	74	59	73	57	50	-95	63	0	59	770
G233:	48	56	76	71	75	-89	70	74	76	77	68	55	85	71	81	61	66	72	78	0	63	1234
G234:	-83	54	71	75	67	-76	57	69	83	74	73	54	85	66	82	-40	62	66	83	0	62	984
P235:	-67	-11	-58	-62	10	-62	-37	-39	-64	-78	-41	-78	-98	-48	-17	-71	-77	-77	21	0	-28	-982
Q236:	-6	-12	-12	-10	21	-26	-52	-5	-94	1	-39	-21	12	-93	-70	-28	-23	0	13	0	-5	-449
L237:	-84	-50	49	32	-91	7	13	-98	10	-97	-96	5	39	-16	-7	-12	-28	-98	17	0	0	-505
K238:	-80	-50	-77	-92	-5	-68	-82	-59	-98	-75	-68	-85	-69	-92	-97	-92	-92	-70	31	0	-4	-1324
K239:	-80	-22	-74	-94	-1	-65	-33	-16	-96	-57	-12	-81	-65	-91	-90	-83	-86	-60	35	0	-10	-1081
L240:	10	-12	48	40	-72	42	37	-30	29	-97	-93	28	57	29	46	11	2	-41	36	0	24	94
L241:	-26	-70	27	2	-73	-13	-11	-80	-8	-96	-78	-8	21	-57	-15	-38	-38	-63	4	0	-35	-655
A242:	-99	-85	-96	-98	-89	-98	-98	-96	-99	-96	-98	-98	-96	-99	-98	-99	-98	-96	-57	0	-67	-1860
S243:	-91	-88	-90	-92	-94	-93	-98	-91	-96	-94	-95	-98	-84	-97	-96	-98	-98	-92	-78	0	-97	-1860
E244:	-79	-81	-83	-90	-88	-86	-89	-82	-47	-81	-78	-77	-34	-88	-63	-90	-91	-88	-57	0	-91	-1563
D245:	-93	-81	-97	-97	-70	-95	-92	-82	-94	-89	-93	-96	-90	-96	-90	-97	-95	-91	-23	0	-39	-1700
W246:	-33	-82	-48	-38	-76	-49	-80	-63	-56	-68	-49	-52	-53	-70	-34	-73	-65	-58	-79	0	-79	-1205
D247:	-82	-86	-96	-93	-87	-84	-92	-83	-77	-89	-88	-92	-60	-88	-76	-92	-89	-86	-56	0	-94	-1690
V248:	-87	-90	-76	-92	-89	-85	-74	-94	-89	-97	-95	-85	-77	-94	-85	-92	-92	-98	-65	0	-84	-1740
P249:	-83	-61	-79	-89	-55	-77	-90	-69	-93	-73	-69	-87	-89	-93	-88	-93	-91	-80	-40	0	-65	-1564
A250:	-94	-84	-62	-91	-66	-84	-63	-86	-88	-84	-85	-88	-61	-81	-88	-92	-93	-88	4	0	-27	-1501
E251:	-83	-67	-90	-97	-69	-65	-86	-88	-79	-88	-85	-89	-41	-88	-69	-89	-88	-89	-34	0	-53	-1537
Q252:	-62	0	-70	-79	-3	-42	-81	-68	-82	-62	-62	-81	-47	-96	-71	-93	-78	-74	18	0	2	-1131
V253:	-36	-75	3	-2	-77	-25	-11	-97	-10	-83	-88	-21	19	-43	-37	-19	-41	-97	5	0	-48	-783
E254:	-50	-14	-70	-90	22	-40	-66	-49	-78	-35	-22	-80	-12	-70	-50	-72	-87	-49	51	0	21	-840
V255:	7	9	70	64	-24	56	60	-94	70	-84	-18	48	52	45	51	39	28	-87	64	0	47	403
I256:	62	25	80	77	27	70	61	-79	82	44	53	69	79	69	71	67	8	-88	74	0	46	897
N257:	66	64	76	73	67	47	55	68	35	77	69	-86	83	64	65	57	52	60	83	0	65	1140
D258:	21	63	-74	16	68	-19	25	76	53	77	77	-30	83	62	78	7	-12	73	83	0	81	808
R259:	-73	30	-45	-72	51	-43	-47	-27	-85	-38	-41	-73	-35	-81	-81	-84	-68	-45	59	0	48	-750
S260:	-20	-66	-22	-31	-27	-58	-56	-49	-13	-32	-27	-70	-6	-36	-40	-86	-83	-57	-60	0	-79	-918
D261:	-44	33	-90	-88	47	-63	-59	-36	-63	-40	-48	-76	-16	-66	-46	-76	-82	-42	55	0	49	-751
V262:	-86	-11	-73	-86	-2	-70	-52	-91	-85	-86	-85	-83	-69	-87	-79	-86	-90	-92	18	0	4	-1291
P263:	-43	14	30	-28	-49	-43	-76	-31	-53	-44	5	-72	-96	-69	-57	-61	-65	-33	36	0	-33	-768
E264:	-52	27	-83	-94	38	-73	-46	-28	-49	-16	-11	-78	-19	-68	-17	-76	-52	-23	62	0	38	-620
L265:	-40	-2	51	22	6	22	-13	-77	10	-97	-93	15	10	-64	6	-59	-54	-75	26	0	2	-404
L266:	49	-7	70	64	31	62	54	-28	52	-97	-10	40	59	51	42	52	43	10	49	0	40	626
N267:	44	47	54	57	55	41	44	49	55	50	50	-97	72	43	64	38	21	56	72	0	63	878
F268:	-69	-88	-78	-81	-96	-69	-90	-88	-76	-92	-92	-90	-56	-85	-71	-86	-83	-91	-90	0	-97	-1668
E269:	-72	-16	-98	-97	-46	-91	-72	-55	-80	-72	-86	-93	-18	-94	-74	-91	-75	-71	27	0	-62	-1336
C270:	35	-97	73	68	59	61	35	63	66	59	59	63	79	54	57	51	57	33	75	0	70	1020
G271:	37	42	69	60	64	-95	57	61	77	50	51	53	74	27	61	32	57	57	71	0	66	971
A272:	-95	26	61	66	59	49	53	49	68	49	11	51	46	24	61	3	20	26	70	0	38	735
D273:	33	29	-98	-21	32	45	38	48	49	34	40	15	70	32	44	16	-12	44	56	0	50	544
Y274:	63	45	70	78	-90	73	3	53	83	51	56	54	85	65	80	56	56	36	24	0	-92	849
V275:	23	8	64	40	19	43	49	-35	58	-5	1	50	31	7	37	40	23	-98	49	0	39	443
K276:	4	2	49	19	29	33	-13	16	-98	20	2	-6	42	-54	-34	9	-12	7	36	0	1	52
T277:	-4	-25	32	5	8	-6	-7	-27	-21	-1	-7	-24	13	0	26	-84	-99	-28	27	0	19	-203
N278:	-13	-6	-2	-33	-7	-25	-64	4	-73	-18	-44	-98	3	-93	-17	-84	-85	0	22	0	-18	-651
Q279:	-20	-12	20	-3	6	1	-51	-11	-20	4	-24	0	20	-99	-22	-20	-20	-3	9	0	-7	-252
R280:	-69	-88	15	-60	0	-62	-60	-37	-98	-73	-31	-79	-7	-83	-97	-83	-87	-36	10	0	-5	-1030
L281:	-79	-89	47	35	-89	13	-21	-85	35	-98	-88	21	-46	13	24	7	-16	-88	22	0	7	-475
P282:	32	27	62	57	17	52	34	27	49	27	21	50	-96	17	54	36	20	21	53	0	45	605
K283:	-87	-74	-83	-94	-55	-70	-89	-82	-98	-81	-76	-95	-87	-94	-97	-95	-92	-82	2	0	-70	-1599
G284:	-12	-6	-48	11	23	-98	-21	4	17	19	6	-96	33	-20	15	-79	-9	-3	-11	0	25	-250
L285:	13	-90	51	46	-79	19	-11	-97	36	-93	-95	4	-3	20	32	-10	-20	-98	14	0	-37	-398
S286:	-88	-71	-91	-95	-37	-87	-84	-75	-94	-75	-85	-97	-88	-97	-88	-99	-95	-88	-21	0	-42	-1597
P287:	-94	-86	-89	-91	-79	-86	-79	-83	-95	-87	-80	-98	-98	-89	-84	-93	-91	-84	-10	0	-68	-1664
S288:	-94	-42	-96	-97	-16	-84	-95	-81	-96	-79	-80	-98	-96	-91	-92	-99	-97	-88	-15	0	-44	-1580
S289:	-93	-92	-95	-97	-80	-96	-95	-88	-97	-90	-91	-98	-97	-97	-95	-99	-98	-92	-20	0	-35	-1745
F290:	-72	-89	-76	-80	-95	-70	-85	-85	-81	-92	-88	-82	-65	-91	-85	-88	-93	-89	-78	0	-94	-1678
D291:	-77	-72	-91	-89	-10	-70	-34	-37	-70	-30	-33	-89	-35	-80	-54	-83	-79	-55	49	0	17	-1022
S292:	-53	18	-52	-81	34	-80	-63	-43	-84	-43	-66	-86	-12	-82	-55	-94	-84	-52	60	0	18	-900
L293:	33	-17	69	48	-10	53	38	-70	-18	-96	-31	52	-19	21	-62	20	18	-57	38	0	-31	-21
Y294:	9	-62	73	77	-32	25	25	-8	77	7	38	71	83	71	80	10	15	-11	37	0	-87	498
C295:	-59	-95	72	72	53	0	62	49	77	57	52	65	70	64	72	36	39	20	79	0	55	840
S296:	20	-1	37	51	66	28	46	48	67	65	49	15	74	49	34	-97	-15	47	74	0	64	721
F297:	57	44	86	77	-88	70	69	33	86	-37	26	66	88	72	80	66	66	28	36	0	-54	871
D298:	79	85	-90	77	91	87	88	90	90	89	88	84	92	85	92	85	82	88	92	0	90	1564
G299:	54	64	69	80	80	-91	71	75	84	74	46	62	77	70	71	45	44	75	76	0	80	1206
D300:	62	62	-92	57	76	75	79	61	80	75	74	75	87	64	83	65	71	74	81	0	79	1288
A301:	-94	38	73	71	77	33	75	71	79	76	70	72	78	70	78	52	50	47	82	0	78	1176
D302:	87	85	-86	86	91	88	91	91	93	92	90	89	94	90	93	88	88	86	82	0	87	1605
R303:	85	85	95	94	88	90	88	88	87	90	89	87	91	86	-86	81	87	91	94	0	92	1602
V304:	-17	-44	55	45	24	36	36	-98	56	-95	-18	33	57	30	45	4	-14	-96	55	0	35	129
V305:	-47	-63	7	21	-10	-13	13	-96	29	-36	-66	9	11	6	23	-11	-34	-98	40	0	23	-292
F306:	-28	-81	29	24	-93	-2	-57	-33	36	-50	-53	-20	32	-12	5	-31	-16	-39	-3	0	-86	-478
Y307:	38	12	56	59	-2	31	10	42	75	50	42	52	64	53	70	23	47	27	13	0	-95	667
Y308:	51	23	64	70	-59	65	60	38	69	52	58	62	74	46	54	40	34	43	23	0	-93	774
V309:	-87	-91	-48	-81	-93	-77	-92	-96	-89	-94	-93	-81	-72	-93	-93	-87	-93	-98	-81	0	-92	-1731
D310:	20	48	-91	70	79	18	64	74	75	77	75	-36	83	64	69	-17	-26	69	83	0	80	878
S311:	-80	-39	-80	-91	17	-79	-83	-60	-84	-61	-55	-92	-69	-93	-79	-95	-89	-70	27	0	-11	-1266
G312:	-83	-43	-83	-89	4	-85	-72	-64	-89	-60	-69	-89	-63	-91	-83	-92	-88	-68	16	0	3	-1288
S313:	-85	-64	-84	-94	3	-93	-91	-62	-95	-74	-71	-95	-80	-90	-91	-97	-94	-81	7	0	3	-1428
K314:	-62	-25	-40	-83	26	-59	-82	-50	-96	-31	-59	-77	-8	-85	-89	-82	-82	-61	50	0	23	-972
F315:	34	13	63	54	-95	38	45	4	66	22	-16	56	69	45	62	33	40	15	-25	0	10	533
H316:	-23	-54	-28	-55	-51	-39	-95	-39	-90	-32	-34	-72	2	-79	-92	-68	-51	-62	5	0	-30	-987
L317:	38	-1	60	53	-1	55	12	-23	61	-95	-59	53	58	40	57	38	17	-15	38	0	26	412
L318:	52	27	72	72	14	67	37	-7	64	-94	-35	67	65	60	69	61	54	-5	35	0	31	706
D319:	51	48	-86	49	66	66	60	68	69	73	66	47	69	61	73	46	45	56	69	0	71	1067
G320:	66	47	88	78	85	-86	83	83	90	81	79	80	79	81	81	73	78	80	89	0	86	1421
D321:	63	68	-88	67	81	83	79	82	83	85	79	67	88	76	86	69	74	81	86	0	81	1390
K322:	72	71	91	83	79	84	73	81	-79	84	76	84	90	69	-17	72	67	74	90	0	81	1325
I323:	34	4	76	67	37	65	73	-96	71	-72	-83	63	80	64	66	61	50	-22	67	0	59	664
S324:	-93	-49	-16	1	11	-30	-3	10	2	6	-24	-55	19	-18	17	-98	-52	-11	35	0	21	-327
T325:	-10	5	42	53	56	-46	45	54	63	50	20	35	63	37	69	-74	-95	33	65	0	50	515
L326:	-16	-54	58	35	10	21	37	-76	36	-97	-63	38	53	27	44	16	-4	-73	38	0	29	59
F327:	-63	-66	52	24	-91	17	23	-93	43	-92	-85	31	49	-2	38	10	-42	-87	-30	0	-24	-388
A328:	-98	-59	50	44	41	-77	-15	-16	42	6	1	5	28	-22	10	-50	-86	-23	51	0	33	-135
K329:	-80	-87	-77	-78	-69	-85	-96	-86	-98	-92	-91	-94	-69	-93	-96	-96	-94	-84	-33	0	-91	-1689
F330:	19	-47	39	36	-95	25	11	5	55	-47	1	24	66	7	36	26	33	1	-25	0	-83	87
L331:	-40	-34	22	40	-91	6	25	-98	37	-98	-94	28	41	16	29	13	2	-94	7	0	5	-278
S332:	-90	-76	-89	-90	-60	-94	-91	-89	-93	-79	-89	-96	-68	-95	-91	-98	-97	-87	7	0	-65	-1630
K333:	-86	-34	-88	-92	1	-76	-76	-76	-98	-66	-69	-93	-63	-96	-95	-95	-92	-70	13	0	-6	-1357
Q334:	-81	-78	-34	-64	-61	-38	-68	-94	-58	-99	-92	-56	-38	-98	-74	-67	-65	-86	-45	0	-47	-1343
L335:	-6	-22	48	38	-83	-15	10	-91	29	-99	-82	12	34	12	17	-17	-19	-91	9	0	4	-312
E336:	-81	-54	-93	-97	-12	-78	-88	-75	-96	-73	-28	-88	-61	-95	-93	-95	-91	-80	-8	0	-17	-1403
L337:	-95	-87	-94	-97	-57	-92	-96	-96	-96	-98	-98	-96	-84	-97	-92	-97	-96	-95	-70	0	-55	-1788
A338:	-98	-95	-67	-74	-88	-85	-90	-97	-82	-95	-93	-80	-70	-82	-79	-94	-95	-96	-19	0	-86	-1665
H339:	-78	-17	-93	-90	-8	-97	-96	-81	-95	-66	-85	-96	-82	-95	-86	-93	-91	-75	-3	0	-59	-1486
L340:	-50	-1	23	25	-44	10	30	-87	31	-98	-85	7	-52	-1	28	-72	-77	-86	29	0	22	-448
E341:	-83	-21	-96	-98	-8	-76	-84	-83	-95	-78	-85	-95	-45	-95	-85	-94	-93	-82	20	0	-22	-1398
H342:	-63	-40	-88	-87	-55	-70	-91	-67	-84	-82	-71	-87	-64	-87	-76	-88	-79	-68	17	0	-74	-1404
S343:	-81	-20	-92	-95	-14	-84	-91	-68	-96	-69	-72	-96	-83	-94	-93	-97	-95	-82	16	0	-29	-1435
L344:	46	4	74	76	34	63	69	-60	76	-93	13	71	63	67	64	57	47	-58	68	0	64	745
K345:	1	-48	-6	-21	42	7	-6	-9	-87	9	-20	-50	25	-29	-65	-63	-49	3	59	0	46	-261
I346:	40	-26	59	65	4	54	56	-96	61	-93	-86	53	66	50	59	36	38	-86	51	0	48	353
G347:	16	31	78	81	77	-78	78	72	83	73	75	60	84	70	81	42	61	65	83	0	82	1214
V348:	42	-21	82	76	66	75	71	-58	80	-26	35	66	83	59	77	53	54	-94	79	0	65	864
V349:	58	56	89	88	79	85	86	-43	85	76	74	85	91	85	88	79	69	-93	87	0	84	1308
Q350:	35	13	69	65	63	59	51	61	61	57	26	49	79	-93	74	50	59	50	67	0	55	950
T351:	80	77	86	87	87	87	83	80	89	86	80	82	90	84	89	69	-91	84	88	0	80	1497
A352:	-80	53	76	80	79	61	75	63	81	75	69	69	84	62	76	56	46	74	82	0	79	1260
Y353:	77	71	91	88	65	89	87	75	90	82	83	89	94	89	92	86	88	74	84	0	-52	1542
A354:	-78	54	88	88	74	81	81	71	87	81	75	74	89	82	83	59	63	73	85	0	83	1393
N355:	87	86	93	91	93	90	89	92	92	93	90	-60	94	88	93	78	81	92	94	0	92	1648
G356:	65	63	79	81	81	-87	79	73	82	77	71	72	81	76	83	35	71	79	82	0	83	1326
S357:	-21	17	32	44	44	0	23	27	47	43	25	-73	59	29	30	-97	5	36	55	0	45	370
S358:	-6	49	70	71	72	50	64	68	69	74	60	48	80	64	74	-95	44	56	81	0	73	1066
T359:	45	40	55	46	60	30	-12	45	65	55	42	15	67	39	66	-77	-98	27	67	0	57	634
A360:	-99	-88	-97	-98	-74	-96	-98	-97	-99	-97	-91	-99	-91	-98	-98	-98	-98	-97	-67	0	-78	-1858
Y361:	42	30	72	65	-54	66	46	45	77	52	50	50	83	65	72	47	58	38	49	0	-94	859
I362:	9	-39	55	46	-42	29	-28	-99	40	-98	-77	26	39	13	30	3	-7	-98	7	0	8	-183
K363:	-67	-9	-23	-90	24	-31	-68	-34	-94	-30	-47	-70	-11	-90	-91	-85	-89	-59	47	0	34	-883
N364:	-88	-50	-98	-97	-31	-90	-78	-85	-97	-76	-52	-99	-82	-98	-93	-97	-94	-81	-22	0	-32	-1540
T365:	-90	-86	-83	-93	-78	-94	-96	-93	-96	-91	-91	-96	-79	-97	-92	-98	-99	-99	-16	0	-88	-1755
L366:	26	15	69	55	17	45	35	-16	50	-97	-59	35	61	23	56	31	31	-5	46	0	20	438
H367:	-40	10	-47	-59	10	-54	-91	-65	-95	-44	-7	-80	42	-88	-76	-77	-69	-15	26	0	13	-806
C368:	-22	-93	46	34	-4	18	14	-89	19	-80	-27	20	47	26	19	-8	-14	-95	35	0	28	-126
P369:	-18	-8	14	-24	9	15	-51	-14	-23	7	-13	-39	-98	-41	-32	-29	-28	-14	18	0	-10	-379
V370:	16	-30	60	61	35	55	43	-18	53	-59	21	38	42	46	58	26	-5	-97	66	0	37	448
S371:	-69	-52	-65	-71	4	-66	-79	-59	-76	-64	-24	-87	-60	-78	-84	-98	-95	-78	27	0	-20	-1194
C372:	39	-97	77	69	40	63	65	-25	70	50	15	64	79	54	64	49	39	-18	61	0	48	806
T373:	-42	19	73	76	71	67	67	55	78	71	56	67	80	64	77	22	-96	-46	74	0	69	902
K374:	-44	31	70	50	84	27	32	47	-69	40	36	21	-30	12	-20	-43	17	39	88	0	76	464
T375:	71	50	88	87	80	84	79	80	88	80	72	76	82	82	86	68	-90	74	85	0	81	1403
G376:	78	79	89	85	88	-91	85	77	90	89	84	81	90	84	89	77	83	83	90	0	88	1518
V377:	37	10	80	71	57	69	67	-5	76	34	-13	70	63	64	69	56	48	-97	66	0	58	880
K378:	36	28	72	69	61	34	28	42	-97	53	34	46	65	35	10	0	26	14	71	0	56	683
H379:	55	50	60	64	23	51	-95	55	56	59	54	-55	83	55	68	42	60	58	34	0	-45	732
L380:	-5	-65	51	39	-15	4	-28	-36	33	-98	-63	-9	40	10	21	5	-5	-58	22	0	-16	-173
H381:	18	12	36	13	25	20	-98	7	35	-11	3	7	64	-19	26	1	20	12	40	0	-11	200
H382:	-20	0	13	-28	15	-20	-99	14	-25	19	-2	-38	15	-38	-83	-35	-29	11	32	0	7	-291
E383:	-33	-20	-80	-98	20	-23	-36	-58	-92	-2	-20	-40	11	-32	-36	-20	-29	-21	29	0	10	-570
A384:	-98	-68	40	35	-23	-11	5	-53	27	-29	-43	11	36	4	13	-20	-19	-42	31	0	10	-194
A385:	-97	-95	-8	-84	-20	-51	-65	-95	-89	-94	-95	-32	-56	-68	-53	-88	-91	-98	-8	0	-24	-1311
T386:	-90	-57	-95	-96	-36	-94	-95	-86	-94	-82	-87	-97	-83	-96	-92	-99	-99	-86	-29	0	-43	-1636
Q387:	-87	-44	-89	-93	-54	-86	-83	-34	-98	-79	-54	-97	-64	-98	-92	-93	-89	-79	-30	0	-39	-1482
Y388:	61	33	82	76	-68	72	69	62	79	60	70	74	87	76	78	77	75	61	60	0	-89	1095
D389:	37	8	-92	35	59	51	59	61	64	67	59	41	72	54	70	41	49	57	67	0	67	926
I390:	-15	-39	71	65	-2	61	55	-97	60	-20	-27	61	71	52	62	41	33	-87	41	0	34	420
G391:	9	11	47	54	50	-96	49	44	73	37	3	10	65	44	68	22	12	34	60	0	58	654
I392:	-25	-45	38	27	-31	-8	3	-98	27	-54	-71	13	5	2	19	-24	-27	-94	-1	0	-16	-360
Y393:	48	-17	74	62	15	61	58	45	81	50	40	63	82	63	79	46	49	43	39	0	-94	887
F394:	68	52	90	83	-85	77	82	74	90	68	66	85	91	82	88	79	74	75	78	0	64	1381
E395:	81	77	68	-91	88	86	84	87	91	89	84	86	94	83	91	83	83	85	89	0	87	1525
A396:	-95	16	58	50	64	28	52	53	46	59	26	46	60	33	54	-14	23	46	70	0	62	737
N397:	68	65	80	73	71	77	67	78	83	74	73	-87	88	73	84	60	67	78	85	0	78	1335
G398:	67	70	87	85	84	-89	78	84	85	85	78	78	91	78	83	70	78	82	87	0	74	1435
H399:	81	77	90	86	80	83	-89	83	89	83	79	84	94	83	89	78	85	82	85	0	75	1497
G400:	72	68	83	86	76	-90	81	83	90	79	81	72	89	84	89	72	78	82	87	0	75	1437
T401:	47	48	64	67	68	52	49	69	69	70	58	45	77	61	56	6	-96	62	75	0	68	1015
I402:	15	-28	66	40	-17	47	42	-90	58	-25	-24	51	61	40	53	28	23	-96	43	0	25	312
I403:	46	9	76	65	21	65	60	-96	71	-90	-68	47	75	58	68	52	-46	-87	61	0	14	401
F404:	53	-20	71	70	-95	44	25	20	76	36	25	64	65	58	56	56	55	30	47	0	2	738
S405:	-2	7	-56	35	20	-17	5	34	-68	35	17	-48	44	16	-2	-98	-14	9	55	0	35	7
E406:	-72	7	-96	-97	42	-64	-85	-33	-84	-44	-48	-85	-75	-84	-70	-86	-81	-45	51	0	37	-1012
K407:	-72	-5	-68	-85	11	-59	-88	-56	-97	-55	-50	-82	-44	-80	-89	-87	-80	-58	48	0	26	-1070
F408:	-78	-72	59	-13	-96	-33	29	-56	-21	-70	-81	43	-5	12	45	-63	-57	-67	-51	0	-83	-658
H409:	-65	-59	-68	-79	-80	-74	-97	-91	-79	-93	-90	-86	-63	-84	-76	-85	-89	-88	-63	0	-97	-1606
R410:	-62	-28	-64	-83	35	-47	-55	-50	-93	-43	-63	-81	-25	-90	-90	-85	-80	-53	48	0	28	-981
T411:	-83	-57	-58	-77	-67	-78	-73	-78	-94	-66	-63	-86	-46	-89	-86	-92	-98	-90	-24	0	-52	-1457
I412:	23	-74	62	63	-69	51	53	-97	44	-89	-36	55	64	44	58	36	31	-87	-6	0	29	155
K413:	-84	-62	-76	-91	-55	-63	-89	-74	-97	-57	-79	-85	-55	-92	-95	-85	-86	-77	36	0	-32	-1398
S414:	-83	-6	-83	-93	24	-81	-81	-40	-89	-53	-49	-95	-50	-81	-79	-97	-92	-58	-18	0	16	-1188
E415:	-82	-70	-79	-91	-87	-81	-87	-81	-71	-87	-79	-80	-52	-91	-78	-92	-92	-90	-63	0	-92	-1625
L416:	-81	-69	-32	-66	-89	-59	-90	-86	-62	-96	-93	-77	-50	-81	-65	-86	-79	-90	-43	0	-93	-1487
S417:	-83	-59	-73	-92	-13	-85	-76	-58	-91	-70	-76	-96	-87	-91	-80	-97	-94	-77	20	0	-11	-1389
K418:	-71	0	-74	-89	21	-53	-72	-58	-95	-54	-48	-90	-31	-76	-90	-90	-83	-55	53	0	40	-1015
S419:	-85	-79	-80	-91	-59	-78	-69	-63	-92	-78	-80	-92	-81	-85	-70	-98	-93	-72	-23	0	20	-1448
K420:	-75	-56	-65	-79	-5	-66	-80	-38	-96	-61	-49	-83	-59	-69	-94	-94	-88	-62	53	0	22	-1144
L421:	-77	-77	-52	-74	-34	-59	-72	-77	-79	-88	-79	-68	-22	-83	-70	-88	-88	-73	35	0	-26	-1251
N422:	-83	-16	-84	-89	11	-85	-83	-72	-82	-68	-81	-96	-68	-92	-80	-97	-93	-79	25	0	-10	-1322
G423:	-87	-31	-85	-87	-7	-89	-75	-67	-89	-60	-61	-90	-60	-83	-79	-92	-83	-71	47	0	19	-1230
D424:	-61	-1	-91	-95	34	-1	-24	-2	-73	-5	-29	-5	41	-85	18	-86	-42	23	30	0	21	-433
T425:	-89	-89	-89	-94	-72	-89	-93	-78	-94	-78	-75	-94	-72	-96	-92	-97	-98	-87	21	0	-25	-1580
L426:	-86	-82	-85	-91	-74	-71	-87	-90	-93	-96	-97	-83	-77	-91	-88	-95	-95	-91	-57	0	-93	-1722
A427:	-97	-44	35	-50	48	-22	-17	25	-37	37	-29	-4	38	-15	33	-90	-77	21	54	0	43	-148
L428:	-71	-57	56	49	-9	8	-13	-98	50	-96	-64	37	49	28	-43	-67	-74	-93	18	0	17	-373
R429:	-71	9	-54	-82	51	-40	-78	-46	-96	-60	-68	-83	-16	-85	-93	-91	-86	-30	59	0	42	-918
T430:	-88	-86	-71	-82	-67	-80	-95	-92	-73	-88	-93	-87	-67	-96	-86	-95	-98	-96	31	0	-60	-1569
L431:	24	2	79	72	16	61	63	-17	71	-97	-19	70	78	57	66	44	45	2	60	0	53	730
K432:	-82	-81	-55	-86	-54	-72	-80	-76	-97	-86	-77	-86	-41	-93	-96	-92	-90	-78	32	0	-37	-1427
C433:	-91	-96	-77	-88	-49	-77	-87	-78	-90	-86	-69	-91	-42	-86	-81	-91	-89	-82	-22	0	-69	-1541
F434:	-11	-53	61	23	-96	36	1	-30	55	-90	-66	40	57	21	49	1	-10	-39	25	0	-32	-58
S435:	-80	-18	-41	-38	-3	-24	-50	-82	-44	-71	-56	-83	-19	-73	0	-99	-96	-83	31	0	7	-922
E436:	-47	11	-90	-93	41	-40	-67	-30	-83	-31	22	-88	19	-85	-73	-65	-68	-43	17	0	34	-759
L437:	-9	-51	47	18	-22	35	27	-79	42	-98	-94	36	31	9	35	15	8	-50	17	0	11	-72
I438:	10	-45	49	50	-33	45	31	-98	44	-41	-20	45	52	5	44	26	2	-86	31	0	12	123
N439:	12	6	29	29	27	7	-38	25	29	30	12	-97	48	-17	30	-25	-3	23	38	0	12	177
Q440:	34	44	54	26	62	61	40	58	60	63	38	51	48	-97	58	46	31	46	63	0	51	837
T441:	-61	-30	25	11	28	18	2	16	3	22	5	14	28	5	22	-42	-98	-10	30	0	22	10
V442:	38	-30	72	72	49	70	65	-78	75	45	10	71	78	61	72	48	12	-97	38	0	56	727
G443:	75	77	85	91	88	-85	88	87	93	88	87	78	92	88	92	80	84	86	89	0	89	1552
D444:	70	66	-93	62	80	82	78	72	82	82	78	77	87	73	83	71	71	71	84	0	80	1356
A445:	-93	28	77	56	66	25	61	57	68	66	52	65	78	57	63	-42	43	52	72	0	63	914
I446:	34	-1	81	73	-9	71	67	-96	67	-81	-87	74	80	42	61	57	54	-6	62	0	48	591
S447:	-48	-9	42	50	52	32	42	39	59	33	38	12	63	36	44	-98	-31	35	33	0	43	467
D448:	67	68	-91	68	80	62	78	80	81	83	78	57	85	74	82	63	57	77	84	0	82	1315
M449:	-15	-22	54	39	-20	26	33	-39	54	-91	-98	39	59	27	48	18	7	-21	32	0	15	145
L450:	15	-14	58	41	-22	30	42	-16	56	-97	-87	46	53	36	50	17	25	-12	39	0	21	281
A451:	-98	-95	7	-58	-77	-91	-20	-80	-63	-94	-76	-77	-50	-80	-66	-84	-85	-91	19	0	-60	-1319
V452:	-37	-72	32	16	-26	3	11	-93	25	-28	-21	8	32	1	-9	-9	-46	-98	40	0	18	-253
L453:	-2	-12	33	-58	-38	42	34	-85	50	-97	-81	38	51	19	46	10	14	-73	45	0	33	-31
A454:	-98	-81	23	-52	-20	-12	-37	-95	-56	-81	-90	-11	-30	-24	5	-87	-94	-97	35	0	-16	-918
T455:	-86	-60	-1	5	7	-28	-30	-93	20	-83	-35	-40	-22	-14	18	-70	-96	-95	21	0	1	-681
L456:	34	-30	71	66	27	61	57	-52	65	-96	-51	61	70	52	40	45	35	-13	55	0	37	534
A457:	-99	-98	-89	-94	-89	-93	-98	-95	-97	-94	-96	-96	-88	-97	-98	-99	-97	-96	-33	0	-92	-1838
I458:	-88	-88	-55	-70	-96	-74	-95	-99	-87	-97	-93	-80	-67	-91	-91	-92	-93	-96	-93	0	-98	-1743
L459:	-22	-12	7	-15	-77	-47	-75	-70	-78	-98	-96	-61	-19	-77	-84	-72	-79	-69	21	0	-78	-1101
K460:	-18	-4	-20	-34	43	-66	-71	-10	-93	-1	-16	-75	11	-83	-75	-58	-49	-24	51	0	29	-563
M461:	-13	-57	34	-4	-49	5	-6	-68	-22	-84	-91	4	19	-25	-4	-10	-31	-45	-71	0	-58	-576
S462:	-30	-20	-43	13	21	-66	5	19	-59	26	7	-77	21	10	5	-98	-96	13	33	0	26	-290
P463:	-38	-23	41	43	-3	5	15	-19	32	-57	-40	17	-96	17	33	-39	6	-10	35	0	4	-77
M464:	-83	-28	-77	-89	-11	-68	-79	-74	-88	-72	-90	-89	-72	-88	-86	-87	-84	-80	3	0	-10	-1352
D465:	-36	12	-96	-83	19	-28	-51	-12	-49	-16	22	-48	-7	-80	-39	-60	-69	-19	10	0	33	-597
W466:	51	13	67	69	42	64	70	55	80	55	52	51	83	55	76	57	66	43	-92	0	41	998
D467:	7	14	-92	10	15	-15	42	26	52	30	16	-57	66	28	47	9	29	30	54	0	32	343
E468:	-90	-43	-92	-97	-9	-88	-90	-73	-96	-72	-58	-94	-38	-97	-85	-95	-85	-71	-43	0	-17	-1433
E469:	-69	-74	-83	-96	-11	-64	-47	-74	-67	-76	-69	-64	-15	-91	-54	-80	-89	-57	22	0	-3	-1161
Y470:	67	24	87	87	-20	82	79	61	91	68	65	84	91	83	90	82	81	57	68	0	-90	1237
T471:	-72	-26	-78	-79	1	-68	-67	-26	-79	-17	-47	-89	-29	-88	-73	-91	-99	-36	8	0	-9	-1064
D472:	22	23	-95	-3	45	46	45	47	50	52	41	21	45	31	49	16	24	46	60	0	53	618
L473:	50	28	76	66	-4	69	39	-10	66	-96	-35	66	72	60	60	52	52	-8	22	0	4	629
P474:	9	-17	46	43	31	39	16	19	20	25	6	20	-97	23	38	10	25	7	39	0	32	334
N475:	-9	-48	1	15	-9	-4	-23	3	12	9	-17	-98	25	-18	10	-54	-39	-9	16	0	4	-233
K476:	-37	-39	42	-15	13	21	-77	-16	-97	-61	-34	-68	-30	-64	-97	-58	-74	-18	36	0	17	-656
L477:	38	7	55	48	24	55	38	-14	50	-97	-25	34	54	-8	46	24	21	2	41	0	12	405
V478:	-54	-49	-5	36	13	32	37	-95	42	-86	-86	40	10	2	22	10	-88	-97	48	0	40	-228
K479:	58	50	81	81	72	72	59	66	-91	63	58	50	81	64	29	58	61	57	78	0	71	1118
C480:	27	-83	71	64	61	60	53	31	60	41	46	53	72	46	57	44	37	-89	67	0	63	781
I481:	-12	-27	23	-18	-30	7	-39	-97	-23	-90	-54	-24	-33	-36	-22	-81	-90	-98	-6	0	-54	-804
V482:	43	-24	73	68	39	61	59	-30	56	6	13	60	68	52	62	51	38	-97	54	0	40	692
P483:	-83	-26	-7	-72	-11	-28	-36	-37	-84	-74	-36	-56	-98	-53	-45	-83	-34	-41	1	0	-10	-913
D484:	15	20	-96	8	44	34	-1	46	33	51	32	-75	63	11	16	-3	11	41	53	0	46	349
R485:	37	-13	70	58	54	47	-8	42	-19	41	25	16	19	3	-98	19	27	43	61	0	41	465
S486:	-50	-52	-58	-51	-82	-54	-95	-46	-67	-37	-50	-97	-42	-75	-70	-99	-98	-53	-28	0	-36	-1240
I487:	-83	-74	-5	3	-26	-14	-6	-99	-83	-96	-95	-2	-6	-15	-22	-43	-84	-99	-2	0	-10	-861
F488:	49	35	71	67	-91	69	64	-6	75	30	34	69	66	61	72	60	60	20	43	0	-40	808
Q489:	-64	-46	-39	-61	-35	-42	-68	-80	-94	-63	-67	-69	-31	-93	-81	-73	-91	-84	10	0	-43	-1214
T490:	-14	-40	33	16	19	3	-11	-16	12	-3	-35	-29	9	-7	16	-81	-99	-25	24	0	13	-215
T491:	-46	14	27	19	24	24	9	-7	22	31	-27	-11	38	16	38	-33	-98	-3	39	0	10	86
D492:	-18	-40	-98	-46	-11	8	-3	2	3	-2	-15	-96	2	-33	15	-26	-29	-4	-20	0	-24	-435
Q493:	-97	-55	-80	-92	-47	-86	-85	-86	-85	-87	-95	-61	-74	-99	-87	-91	-94	-89	-47	0	-53	-1590
E494:	17	14	4	-97	40	45	26	24	39	35	26	15	57	4	52	21	29	20	46	0	36	453
R495:	18	-14	56	29	53	49	-16	41	-13	40	-2	31	62	-75	-98	3	-31	40	62	0	47	282
K496:	-69	-63	-20	-82	-21	-72	-92	-82	-99	-69	-44	-92	-74	-94	-99	-89	-96	-86	-5	0	-69	-1417
L497:	-37	-76	32	-5	-22	5	-10	-52	-5	-99	-71	6	11	-12	-29	-31	-46	-72	-10	0	-21	-544
L498:	-77	-76	12	-23	-38	-12	-22	-94	-20	-98	-82	-18	-13	-58	-12	-50	-97	-99	-17	0	-33	-927
N499:	-93	-62	-92	-96	-54	-90	-86	-59	-94	-84	-81	-97	-83	-95	-92	-98	-97	-86	-49	0	-59	-1647
P500:	-28	-40	6	-12	-18	-11	-48	-30	-27	-19	-38	-36	-98	-42	-16	-44	-40	-25	1	0	-17	-582
V501:	-98	-73	-97	-98	-65	-93	-90	-97	-98	-96	-98	-95	-96	-98	-96	-97	-98	-98	-65	0	-70	-1816
G502:	-19	-11	-11	-26	5	-98	-49	0	2	-1	-16	-48	14	-21	1	-47	-32	-17	15	0	-2	-361
L503:	-59	-45	42	27	-42	23	4	-76	28	-99	-98	15	23	-3	22	-4	-34	-90	2	0	-21	-385
Q504:	5	-1	34	3	17	26	-20	10	-1	12	-19	13	33	-98	0	3	8	0	14	0	5	44
D505:	-82	3	-96	-96	29	-60	-47	-52	-76	-41	-41	-82	-62	-88	-47	-88	-86	-52	39	0	30	-995
K506:	-19	-2	48	-56	36	27	-36	3	-98	-51	-26	22	42	-74	-88	-16	-8	13	16	0	31	-236
I507:	44	7	72	67	21	62	58	-98	66	-81	-15	59	68	53	61	42	26	-48	53	0	46	563
D508:	7	1	-98	-78	27	22	9	4	34	32	13	-86	47	-21	34	-20	-25	13	35	0	27	-23
L509:	-95	-72	-91	-95	-55	-90	-86	-93	-95	-97	-98	-94	-83	-95	-95	-96	-97	-96	-40	0	-53	-1716
V510:	-89	-90	-2	-82	-79	-61	-67	-98	-54	-98	-88	-62	-53	-75	-61	-74	-88	-99	-6	0	-88	-1414
V511:	-13	-42	36	12	0	13	9	-93	2	-35	-70	11	38	-41	-11	-33	-50	-99	23	0	3	-340
A512:	-96	-19	-40	-62	17	-72	-19	-12	-79	-72	-86	-64	-12	-75	-74	-93	-81	-73	34	0	12	-966
K513:	-39	-62	-28	-54	32	-25	8	-31	-96	-44	-66	-76	-22	-71	-81	-59	-58	-43	38	0	29	-748
Y514:	42	56	77	80	-51	65	57	6	81	27	67	62	82	67	79	73	64	-1	67	0	-88	912
P515:	-74	2	-81	-84	18	-62	-73	-44	-88	-43	-51	-88	-95	-87	-69	-85	-85	-56	23	0	17	-1105
M516:	-66	-73	-41	-62	-60	-41	-78	-60	-84	-74	-86	-83	-26	-89	-77	-86	-70	-72	-27	0	-65	-1320
G517:	-9	22	81	78	77	-86	78	73	84	76	73	73	80	75	75	-21	65	65	81	0	83	1123
R518:	70	69	90	86	85	79	74	85	72	85	80	78	90	74	-88	65	54	84	86	0	86	1404
S519:	-47	-45	17	11	14	-10	8	17	26	25	-17	-14	35	14	31	-96	-21	-29	47	0	23	-11
F520:	33	-14	68	67	-93	62	47	8	70	6	2	58	80	50	67	48	47	10	42	0	29	687
V521:	10	0	82	75	49	71	71	-73	76	37	31	73	82	68	56	59	45	-95	77	0	65	859
R522:	90	88	97	95	94	94	91	93	88	92	88	92	94	91	-85	90	91	90	95	0	94	1662
A523:	-93	23	78	70	64	55	56	58	49	65	44	60	-23	53	43	15	39	56	72	0	58	842
S524:	59	59	78	79	77	71	70	65	78	78	67	70	87	68	78	-96	54	75	83	0	76	1276
G525:	44	55	79	78	71	-93	60	70	79	72	62	42	72	64	74	49	42	65	76	0	53	1114
T526:	46	50	72	60	65	68	49	62	77	69	49	54	76	55	73	43	-98	56	70	0	65	1061
E527:	72	72	73	-94	85	86	79	84	86	85	76	73	92	70	87	80	79	81	86	0	84	1436
D528:	33	31	-96	-51	54	47	43	54	55	60	48	-7	62	39	59	9	3	41	63	0	57	604
A529:	-98	-96	17	4	-1	-27	-10	-74	13	-18	-38	-10	22	-20	-2	-38	-40	-66	18	0	-2	-466
V530:	3	-64	45	50	13	40	45	-38	56	-5	-2	44	59	42	31	27	17	-97	43	0	33	342
R531:	88	85	95	93	93	91	87	86	82	92	89	88	94	87	-83	81	85	85	94	0	92	1604
V532:	9	-27	64	57	14	42	9	-88	64	-13	5	48	64	45	57	30	16	-98	57	0	13	368
Y533:	80	72	92	91	70	90	86	85	94	87	71	88	95	85	90	86	86	82	88	0	-78	1540
A534:	-95	-1	66	49	46	34	46	16	59	43	28	43	71	42	53	-12	10	-18	68	0	54	602
E535:	75	74	69	-93	85	87	80	84	89	86	80	84	93	76	88	78	80	83	87	0	83	1468
C536:	-82	-90	61	52	50	38	40	38	55	46	32	38	66	41	48	27	14	22	59	0	53	608
K537:	-90	-11	-86	-92	18	-67	-73	-63	-96	-58	-65	-92	-71	-91	-90	-94	-88	-71	27	0	13	-1240
D538:	34	34	-79	23	56	54	49	42	62	52	45	14	70	40	62	-83	-94	51	63	0	57	552
S539:	-96	-71	-92	-97	-52	-93	-98	-90	-98	-94	-97	-98	-94	-97	-97	-99	-98	-95	-46	0	-58	-1760
S540:	-83	-44	-88	-96	-26	-57	-85	-32	-87	-39	-43	-80	-48	-94	-40	-98	-80	-54	-18	0	-28	-1220
K541:	-89	-34	-85	-93	2	-84	-93	-86	-97	-82	-90	-92	-61	-92	-95	-91	-91	-83	12	0	-2	-1426
L542:	-91	-87	39	26	-20	17	14	-95	-54	-95	-96	16	-39	-2	19	-39	-91	-98	9	0	0	-667
G543:	-87	-54	-86	-91	-33	-95	-60	-90	-85	-89	-56	-92	-80	-90	-85	-96	-95	-92	-17	0	-32	-1505
Q544:	-90	-63	-93	-98	-17	-83	-94	-70	-97	-76	-94	-93	-76	-98	-93	-96	-94	-71	-66	0	-30	-1592
F545:	6	-37	39	25	-88	18	-2	-50	25	-94	-75	12	30	-13	18	-3	-25	-33	-9	0	-17	-273
C546:	-84	-94	53	41	44	-46	33	19	37	-40	-20	-45	20	30	32	-90	-63	-70	54	0	47	-142
D547:	-97	-83	-99	-99	-83	-93	-93	-84	-97	-89	-87	-98	-76	-98	-96	-97	-98	-90	-37	0	-74	-1768
E548:	-85	-10	-89	-98	-34	-67	-80	-53	-94	-67	-61	-83	-25	-91	-89	-89	-85	-71	21	0	9	-1241
V549:	-47	-48	53	42	7	33	31	-88	48	-37	-28	37	50	24	41	15	2	-98	37	0	19	93
V550:	-97	-96	-83	-96	-81	-93	-93	-94	-96	-94	-97	-89	-79	-94	-93	-99	-98	-98	-28	0	-81	-1779
E551:	-80	-38	-95	-98	-12	-80	-66	-59	-90	-56	-65	-89	-40	-97	-81	-85	-84	-70	-6	0	-18	-1309
H552:	-59	-54	11	7	-80	-6	-92	-81	-20	-95	-46	-27	16	-47	-7	-51	-36	-80	-5	0	-19	-771
V553:	21	7	61	55	21	45	44	-80	55	-68	-7	46	57	40	51	35	22	-98	47	0	37	391
K554:	-35	-23	21	-48	3	-1	-74	-35	-96	-32	-27	-20	11	-70	-89	-44	-35	-33	40	0	-5	-592
A555:	-98	-85	-91	-97	-76	-92	-92	-91	-95	-85	-89	-92	-74	-97	-94	-97	-94	-88	-24	0	-80	-1731
S556:	-79	-38	-9	-30	-46	-71	-64	-39	-44	-33	-68	-45	-17	-67	-30	-98	-91	-44	-22	0	-47	-982
A557:	-95	-71	4	3	-34	-70	-35	-93	-21	-79	-59	-34	-9	-36	-45	-86	-80	-98	-23	0	-35	-996
