#	A	C	D	E	F	G	H	I	K	L	M	N	P	Q	R	S	T	V	W	X	Y	sum	
M1:	2	-25	37	32	-13	22	9	-48	24	-27	-86	1	16	-6	17	-11	-58	-30	2	0	-10	-152
S2:	-40	-50	-22	-31	-27	-48	-61	-34	-49	-31	-49	-67	-55	-57	-47	-87	-77	-44	-29	0	-32	-937
S3:	-50	-70	-30	-41	-41	-59	-69	-49	-51	-47	-60	-65	-46	-73	-51	-89	-80	-55	-48	0	-49	-1123
E4:	-27	-38	-23	-68	-26	-10	-47	-48	-17	-33	-40	-22	-19	-44	-32	-24	-35	-51	-26	0	-26	-656
E5:	-6	-10	11	-45	10	2	5	6	22	11	-3	9	40	-7	23	-6	5	-7	10	0	7	77
P6:	9	4	16	27	18	16	0	9	18	13	-3	2	-54	0	21	5	2	8	20	0	16	147
H7:	19	16	37	23	11	34	-47	9	16	12	-4	5	22	-22	16	9	3	6	15	0	4	184
A8:	-81	-12	9	6	-1	-24	-3	-37	-15	-56	-22	-21	-6	-37	-17	-72	-41	-70	11	0	-2	-491
S9:	15	11	41	36	25	30	13	19	30	3	4	24	30	15	28	-81	3	9	27	0	19	301
I10:	29	40	69	55	17	63	61	-70	64	-34	-51	58	63	54	62	29	-2	-19	48	0	20	556
S11:	-36	-11	-11	-35	4	-29	-51	-39	-63	-34	-40	-52	-16	-44	-48	-86	-64	-42	13	0	-23	-707
F12:	-18	0	-12	13	-67	2	-1	-24	12	-35	-30	-35	4	-18	11	-19	-11	-24	0	0	-34	-286
P13:	19	12	46	34	7	37	5	20	26	19	8	15	-77	4	33	15	18	21	23	0	9	294
D14:	4	22	-40	-13	14	17	18	20	24	22	15	11	34	-17	27	-3	-3	13	40	0	7	212
G15:	-7	5	50	35	10	-24	13	-1	32	-30	2	17	34	5	19	-12	10	-3	22	0	6	183
S16:	15	16	39	19	31	31	16	35	30	34	12	22	37	10	27	-78	11	30	39	0	35	411
H17:	43	41	63	67	45	60	-71	44	62	49	41	42	70	41	59	31	32	43	56	0	43	861
V18:	3	22	46	42	0	35	40	-51	47	-63	-24	36	44	30	44	30	-14	-75	36	0	31	259
R19:	16	31	66	54	44	58	39	23	15	28	28	38	58	24	-18	6	20	26	66	0	39	661
S20:	-19	3	40	16	17	10	9	12	-2	5	6	-2	33	0	8	-69	-40	3	31	0	19	80
S21:	-7	20	20	5	16	16	-4	0	-15	-10	-3	-31	18	-19	-5	-63	-20	-19	47	0	17	-37
S22:	8	21	31	24	43	6	10	30	18	29	36	-21	23	-3	21	-61	-8	23	47	0	29	306
T23:	-1	16	28	8	27	15	7	17	11	15	6	2	22	-17	13	-36	-67	7	44	0	18	135
G24:	-4	42	63	43	46	-14	45	48	40	47	37	49	34	42	53	10	21	31	52	0	38	723
T25:	-3	25	25	-2	14	10	7	-9	17	3	-1	9	22	-11	16	-26	-73	-12	40	0	14	65
S26:	-7	16	39	20	28	31	10	29	19	29	16	-9	34	8	25	-73	-36	23	35	0	30	267
S27:	-30	-12	-4	-12	-3	-13	-42	-15	-23	-14	-13	-34	-11	-29	-20	-79	-62	-28	9	0	-3	-438
V28:	-4	13	47	34	11	37	35	-61	40	-40	-10	34	31	23	35	-3	-33	-84	23	0	18	146
N29:	-26	-14	-14	-20	-13	-21	-41	-59	-22	-39	-26	-66	-2	-40	-21	-60	-48	-61	-2	0	-14	-609
T30:	-30	10	22	9	26	3	-5	-4	9	-2	12	-20	16	-20	7	-66	-76	-9	31	0	24	-63
I31:	-21	-16	10	11	-30	-4	-5	-85	-13	-60	-51	-30	-2	-18	-3	-29	-52	-66	12	0	-24	-476
D32:	-41	-5	-62	-45	12	-8	1	3	-18	8	-6	-31	15	-32	-10	-57	-34	-4	38	0	9	-267
A33:	-74	0	40	35	-11	-7	19	-1	22	3	-7	1	35	12	25	-43	-21	-1	0	0	4	31
T34:	-37	-33	-5	-30	-22	-44	-57	-36	-33	-33	-25	-57	-14	-48	-50	-60	-78	-44	-12	0	-50	-768
L35:	-44	0	22	5	-16	3	6	-33	1	-73	-52	0	-15	-10	0	-28	-56	-35	1	0	-16	-340
S36:	-42	-24	-42	-58	1	-25	-44	-26	-50	-26	-36	-47	-36	-50	-46	-88	-58	-31	5	0	3	-720
R37:	-50	-20	19	-26	-1	7	-27	-23	-74	-37	-31	-19	-6	-35	-78	-53	-40	-22	27	0	-5	-494
P38:	-18	18	-50	-41	6	-4	-54	-1	-22	-4	12	-36	-69	-56	-8	-34	-28	-4	33	0	-1	-361
N39:	-30	6	-33	-56	18	-49	-39	-11	-44	-9	-20	-76	-9	-60	-30	-53	-49	-18	17	0	16	-529
Y40:	31	0	49	40	-31	46	27	-1	49	14	10	29	35	24	36	25	30	12	-10	0	-59	356
I41:	10	-11	24	26	-28	-6	3	-77	11	-72	-51	-21	2	2	5	-15	-21	-49	24	0	-12	-256
K42:	1	23	41	27	37	13	-1	10	-46	4	21	15	28	5	-11	-23	-50	10	41	0	36	181
K43:	7	16	52	30	26	43	10	4	-73	6	5	36	45	-47	-43	29	2	14	32	0	15	209
P44:	-18	13	19	17	20	12	17	9	-32	-27	-10	-11	-74	-22	-9	-7	-15	-11	23	0	19	-87
S45:	-34	-8	-18	-58	-7	-19	-46	-36	-50	-47	-48	-38	-21	-53	-31	-81	-58	-39	10	0	5	-677
L46:	31	37	59	39	-39	36	25	-24	43	-69	-28	26	26	26	41	19	21	-3	22	0	-12	276
H47:	1	12	29	6	-14	9	-66	-18	9	-39	-20	-21	8	-21	-10	-18	-17	-15	14	0	-24	-195
I48:	-18	1	19	3	-31	17	-5	-62	-20	-36	-28	3	17	-10	-2	-27	-21	-39	19	0	-21	-241
M49:	-39	-16	3	-35	-18	-3	-10	-28	-49	-38	-69	-22	1	-47	-54	-48	-50	-40	-8	0	-18	-588
S50:	-35	2	-6	-38	18	-4	-36	-8	-53	-11	-18	-37	-16	-52	-39	-81	-44	-17	24	0	21	-430
T51:	-53	-32	-16	-39	-27	-30	-44	-31	-39	-29	-35	-38	-29	-54	-37	-62	-80	-37	1	0	-33	-744
S52:	-42	-19	12	-18	-13	-13	-33	-31	-17	-49	-27	-29	-14	-28	-20	-74	-61	-45	3	0	-8	-526
T53:	-14	-7	20	-8	-1	-5	-40	-33	-3	-17	-15	-13	1	-34	-9	-36	-65	-42	29	0	-11	-303
T54:	-21	-2	-33	-16	16	-40	2	10	-12	12	2	-33	-56	-3	20	-69	-83	-19	15	0	11	-299
S55:	-36	-7	-34	-21	8	-18	-53	5	-69	-22	-5	-49	-24	-48	-75	-81	-56	-30	7	0	8	-600
T56:	-14	-2	46	13	29	12	14	-11	6	4	-5	-10	-2	-14	31	-32	-76	-14	29	0	27	31
T57:	-33	13	43	18	31	-10	6	24	5	23	6	21	28	-6	19	-47	-86	-13	29	0	21	92
T58:	0	4	38	21	20	18	3	7	25	-5	-3	14	20	1	27	-49	-86	-5	17	0	19	86
D59:	-3	16	-77	-50	29	-4	-9	26	4	13	25	-50	13	-30	5	-22	-18	4	36	0	31	-61
L60:	-14	-16	51	25	-20	38	34	-52	17	-73	-46	32	8	-1	17	4	-22	-63	23	0	11	-47
V61:	-31	-18	10	-10	-44	-15	-26	-65	-22	-73	-67	-18	-3	-37	-28	-28	-42	-77	-20	0	-56	-670
T62:	-19	-2	31	4	29	-13	-10	-13	-7	-9	-12	-8	14	-20	6	-53	-81	-31	36	0	10	-148
N63:	-1	21	-1	-24	16	-10	-28	17	1	12	26	-71	16	-22	-5	-32	-26	10	45	0	5	-51
P64:	-10	0	7	1	5	1	-18	0	-23	-1	-8	-37	-60	-17	-29	-29	-35	-4	14	0	-6	-249
I65:	11	18	52	47	-22	45	39	-71	46	-40	-30	18	43	30	42	30	-1	-49	23	0	17	248
L66:	9	28	59	49	4	51	28	-6	40	-62	-20	42	32	19	36	23	21	-1	40	0	11	403
S67:	-4	-1	12	8	31	2	-4	31	4	16	22	-34	24	-7	9	-73	-34	9	43	0	35	89
N68:	-2	20	-21	-11	31	-12	8	30	-19	30	18	-74	7	-33	-31	-29	-26	27	38	0	30	-19
I69:	35	37	71	69	9	65	58	-61	68	-66	-49	42	67	56	62	49	21	-18	51	0	25	591
S70:	-9	17	14	-5	16	9	-11	12	-18	10	-1	-12	-11	-22	-7	-74	-30	-5	37	0	13	-77
V71:	-12	13	42	17	-14	13	34	-71	-4	-45	-53	25	27	17	-3	-27	-20	-81	21	0	-10	-131
P72:	-14	0	20	17	8	5	-2	-9	6	-21	-10	-15	-67	-4	12	-15	-18	-18	35	0	10	-80
K73:	-26	-8	7	-22	10	10	-16	-22	-75	-11	-21	-21	5	-51	-57	-34	-27	-14	36	0	26	-311
I74:	0	3	0	-7	1	14	13	-54	-23	-26	-17	-15	10	-17	-7	-24	-15	-17	35	0	2	-144
S75:	-41	-29	-20	-34	-20	-15	-34	-45	-37	-60	-40	-36	-19	-48	-32	-80	-72	-45	-6	0	-22	-735
P76:	-40	-22	-4	-34	-15	-5	-21	-40	-36	-50	-32	-33	-53	-39	-22	-39	-39	-32	15	0	-12	-553
P77:	-22	-7	14	2	2	-8	-5	-13	-21	-29	-19	-10	-70	-15	2	-28	-20	-21	33	0	4	-231
T78:	-22	0	13	-14	17	2	-3	-2	-19	-4	-33	-14	8	-21	-1	-34	-64	-8	38	0	11	-150
S79:	-23	3	-2	-28	12	-24	-36	-6	-43	-11	-26	-51	-7	-48	-30	-84	-51	-13	13	0	8	-447
S80:	-40	-16	-26	-36	1	-19	-29	-4	-44	-19	-18	-57	-18	-53	-32	-86	-59	-15	32	0	2	-536
S81:	-33	-11	-19	-34	15	-10	-37	-6	-43	-9	-14	-36	-10	-44	-34	-77	-44	-16	22	0	15	-425
I82:	-18	-17	17	-10	-9	11	1	-66	-20	-42	-40	0	10	-17	-15	-37	-30	-41	25	0	-3	-301
A83:	-90	-61	-64	-77	-61	-71	-76	-67	-85	-71	-74	-72	-50	-81	-77	-83	-82	-74	-49	0	-65	-1430
T84:	-52	-9	-39	-80	2	-42	-44	-50	-72	-35	-46	-54	-30	-68	-47	-67	-83	-44	4	0	-3	-859
A85:	-72	-33	1	-27	-15	-18	-16	-37	-40	-37	-33	-21	0	-38	-28	-57	-46	-43	26	0	-17	-551
T86:	-30	-1	5	-25	2	-36	-15	-8	-27	-9	-11	-24	1	-33	-39	-69	-73	-16	30	0	1	-377
S87:	-37	-29	16	-12	-11	-7	-27	-10	-22	-32	-15	-21	-13	-32	-16	-77	-70	-23	9	0	-21	-450
T88:	-53	-43	-26	-51	-31	-44	-54	-47	-48	-44	-51	-72	-33	-62	-42	-83	-90	-53	8	0	-32	-951
S89:	-46	-21	-26	-36	-13	-15	-45	-17	-47	-24	-22	-53	-22	-46	-38	-84	-75	-32	1	0	-18	-679
H90:	-29	-12	-1	-7	-32	-18	-78	-29	-26	-34	-32	-34	-49	-39	-34	-56	-41	-37	-15	0	-51	-654
V91:	-16	1	19	1	-6	9	8	-56	-10	-39	-25	-2	7	-18	-1	-19	-42	-62	5	0	-6	-252
T92:	-12	18	31	-1	24	18	13	-4	-1	-15	3	11	31	-14	11	-27	-63	-19	48	0	23	75
G93:	-26	1	-5	-36	9	-47	-12	-1	-37	-15	-18	-25	-19	-53	-18	-52	-33	-11	41	0	34	-323
T94:	-32	-11	-43	-22	-4	-31	-44	-50	-28	-45	-26	-69	-33	-55	-29	-51	-83	-37	4	0	-29	-718
A95:	-54	-10	11	-4	42	-7	5	-4	-24	-7	-9	-15	2	-17	-6	-43	-31	-12	45	0	39	-99
S96:	-8	11	-8	-36	24	17	3	20	-40	12	10	-16	11	-37	-5	-58	-14	9	45	0	24	-36
H97:	4	27	35	14	22	35	-32	18	-10	15	10	16	24	-18	5	-1	2	14	47	0	22	249
S98:	-39	-8	-11	-35	9	-17	-26	-2	-40	-5	-13	-33	-18	-39	-27	-79	-68	-16	35	0	6	-426
N99:	14	31	10	10	35	7	0	19	21	20	29	-67	15	-8	19	-18	-6	17	33	0	33	214
I100:	36	30	57	51	14	44	32	-53	16	-25	4	23	45	35	40	19	21	-8	40	0	12	433
K101:	2	28	19	2	34	35	-12	9	-59	11	4	12	28	-7	-22	-10	3	10	39	0	31	157
A102:	-43	4	30	23	10	-4	9	2	6	-1	-3	-5	23	0	13	-37	-7	-1	26	0	-6	39
N103:	-9	14	7	-20	1	-4	-9	6	-9	-4	-4	-48	20	-26	-4	-28	-30	-2	34	0	6	-109
A104:	-37	40	45	40	54	4	29	15	32	16	13	14	33	24	34	-30	6	4	53	0	49	438
N105:	-12	13	-2	-33	19	1	-13	12	-40	8	3	-55	10	-42	-11	-43	-29	3	43	0	14	-154
T106:	-19	9	18	-9	15	12	-3	10	-9	6	3	-7	21	-16	8	-22	-56	3	39	0	23	26
S107:	-23	-9	4	-21	6	-13	-20	-5	-31	-17	-15	-31	-5	-31	-21	-71	-43	-12	37	0	11	-310
T108:	-9	18	18	-19	45	10	8	14	-3	16	14	3	24	-19	9	-27	-46	10	46	0	41	153
S109:	-8	6	21	-7	16	15	-3	-8	-13	-7	0	-9	15	-12	-5	-59	-35	-12	40	0	16	-49
V110:	-17	-2	11	-10	-10	0	4	-41	-18	-45	-41	-8	4	-26	-10	-34	-23	-52	21	0	-7	-304
N111:	7	25	22	4	22	3	1	12	12	16	9	-58	28	-6	15	-17	-8	9	32	0	20	148
K112:	3	13	39	10	25	33	0	16	-46	14	11	18	38	-3	-8	4	3	14	45	0	13	242
K113:	-14	-2	13	-6	31	17	-8	-1	-63	3	-2	-7	12	-15	-25	-40	-16	-1	36	0	27	-61
N114:	-17	1	-11	-39	8	-18	-31	0	-40	-3	-9	-62	-2	-47	-41	-58	-45	-5	30	0	1	-388
L115:	8	15	35	28	-16	-2	4	-17	10	-51	-24	2	-6	9	-4	-3	-2	-12	19	0	-24	-31
P116:	-32	-12	-16	-42	-5	-15	-43	-20	-59	-17	-23	-41	-59	-50	-50	-46	-54	-19	17	0	14	-572
P117:	-30	-12	-5	-24	1	-32	-16	-12	-37	-16	-20	-55	-50	-43	-21	-63	-36	-17	27	0	0	-461
T118:	-13	30	25	-7	40	12	13	-11	0	-2	-4	-5	23	-11	14	-35	-62	-17	45	0	38	73
T119:	-18	0	4	-19	15	-5	-15	-1	-35	-11	-7	-47	1	-37	-10	-44	-68	-1	35	0	5	-258
S120:	-34	-13	-8	-48	0	-24	-35	0	-40	-11	-14	-34	-6	-47	-30	-74	-59	-17	29	0	-3	-468
G121:	-13	5	7	-8	4	-32	-1	-7	-9	0	-10	-9	16	-21	-3	-29	-16	-23	50	0	11	-88
R122:	4	23	42	25	37	13	21	22	-3	24	16	16	37	0	-35	0	8	20	55	0	51	376
I123:	-15	-1	16	-2	-21	2	-18	-61	-47	-51	-32	-28	3	-25	-21	-56	-35	-36	10	0	-31	-449
P124:	-28	-14	8	-6	15	8	-6	0	-21	-5	-7	-14	-52	-24	-5	-35	-21	-2	34	0	13	-162
S125:	-22	10	19	-2	9	-2	-21	5	-20	2	-15	-51	-6	-28	-9	-78	-60	-11	37	0	7	-236
S126:	-48	-31	-43	-62	-20	-45	-65	-25	-69	-29	-35	-63	-48	-69	-54	-85	-68	-36	3	0	-37	-929
T127:	-33	-14	-47	-68	-5	-34	-49	-15	-50	-12	-21	-67	-24	-55	-26	-67	-83	-27	23	0	-13	-687
I128:	-1	0	26	27	-46	13	-10	-68	7	-53	-46	8	5	-6	9	-12	-10	-42	-2	0	-43	-244
K129:	-26	-1	21	-5	11	19	-12	-5	-62	-3	-6	0	17	-19	-35	-26	-37	-11	30	0	-6	-156
R130:	2	17	51	24	27	43	14	19	-22	12	10	25	38	-4	-38	-2	2	15	34	0	19	286
Y131:	28	36	28	13	18	45	41	23	27	31	32	23	48	14	37	24	29	25	29	0	-15	536
P132:	-15	8	13	3	-8	10	-33	-2	-14	-13	-3	-20	-47	-26	-8	-16	-20	-15	15	0	-36	-227
S133:	-50	-30	-23	-45	-16	-32	-45	-40	-53	-47	-37	-56	-26	-57	-39	-85	-67	-47	13	0	-24	-806
R134:	-11	6	37	9	21	22	1	13	-62	3	-3	-3	20	-25	-63	-16	-14	7	44	0	36	22
Y135:	49	44	66	62	9	57	39	33	64	32	40	51	60	41	53	46	48	36	31	0	-39	822
K136:	-2	26	31	1	30	30	2	-1	-56	5	3	1	29	-9	-25	-7	-6	6	38	0	29	125
P137:	-20	21	11	-9	13	-18	-17	2	-30	3	-5	-27	-51	-37	-25	-48	-29	0	33	0	12	-221
S138:	-45	-32	-9	-46	-27	-22	-55	-23	-64	-48	-37	-45	-35	-57	-42	-82	-59	-33	12	0	-30	-779
H139:	6	29	7	18	28	21	-55	4	-34	5	17	-40	-1	-26	-24	-4	-6	1	32	0	16	-6
S140:	15	32	29	19	46	28	35	45	14	43	37	6	28	5	18	-71	-27	18	54	0	49	423
L141:	35	43	74	72	-7	52	41	-1	56	-70	-25	49	63	42	47	36	30	7	31	0	5	580
Q142:	-42	-15	-9	-36	-12	4	-38	-31	-43	-30	-55	-24	2	-75	-31	-47	-43	-45	14	0	-20	-576
L143:	45	38	72	69	-31	64	63	-7	69	-37	-13	63	62	58	66	55	51	-7	54	0	39	773
P144:	-7	23	32	25	32	20	20	25	-1	7	17	-6	-49	-20	17	-42	-36	4	36	0	33	130
I145:	11	16	55	49	-14	46	10	-71	44	-79	-68	43	43	36	43	29	-3	-49	25	0	19	185
K146:	-15	-1	7	-38	14	14	-20	-3	-75	-5	-13	-19	8	-30	-49	-19	-26	-8	38	0	10	-230
N147:	13	26	31	38	25	-2	9	32	35	35	26	-73	11	7	31	-27	-19	30	34	0	21	283
D148:	-14	16	-75	-40	27	-20	-17	24	-4	3	19	-36	11	-35	-5	-56	-33	-4	33	0	27	-179
S149:	-48	-15	-17	-35	19	-27	-4	-8	-18	-5	-23	-57	-14	-35	-13	-73	-61	-16	20	0	17	-413
N150:	-19	-5	15	-10	-18	-13	-40	-41	-27	-52	-25	-72	-1	-39	-43	-41	-41	-48	-2	0	-32	-554
F151:	13	7	4	4	-53	23	-6	-4	17	-13	-15	4	14	-4	11	-2	-1	-12	3	0	-31	-41
K152:	16	10	43	4	24	36	6	-1	-80	12	4	25	35	7	7	15	-4	3	29	0	23	214
R153:	37	34	71	64	43	57	31	37	13	31	27	51	53	18	-62	46	44	36	47	0	4	682
S154:	11	9	25	13	20	25	8	17	19	19	10	13	28	-1	20	-75	-21	12	20	0	21	193
S155:	11	27	58	51	36	25	34	34	46	26	24	37	27	32	39	-65	-4	32	42	0	43	555
I156:	32	35	67	65	34	61	55	-78	58	-19	7	58	61	51	57	28	-1	-25	46	0	41	633
Y157:	35	37	53	43	-1	51	50	14	51	26	41	35	45	46	45	22	5	4	14	0	-65	551
A158:	-72	-25	1	-35	-13	-15	-32	-37	-42	-34	-32	-20	-22	-44	-34	-52	-46	-49	23	0	-20	-600
S159:	-35	-8	23	5	5	-16	-17	6	-12	2	-36	-10	-38	-34	-10	-88	-55	-24	6	0	9	-327
K160:	-14	18	62	26	-15	26	-20	25	-74	-1	14	5	14	-20	-55	-13	-1	26	43	0	33	79
S161:	-6	-7	25	6	7	8	-13	3	-20	-4	-11	-10	-2	-30	-22	-89	-38	-4	10	0	9	-188
T162:	11	13	22	33	24	35	16	3	-1	13	-3	-15	40	14	34	-22	-82	5	27	0	18	185
V163:	18	40	65	63	41	35	38	-42	41	-13	12	54	22	48	44	0	-20	-77	45	0	35	449
T164:	-18	7	12	-14	16	-20	-38	-8	-47	-8	-22	-35	-7	-42	-33	-46	-78	-14	13	0	-22	-404
A165:	-86	-6	-7	-6	6	-32	-4	-10	-42	-37	-14	-55	-25	-40	-31	-43	-35	-48	10	0	-1	-506
I166:	35	25	59	53	24	52	44	-77	51	-21	-28	47	37	39	45	17	28	-18	36	0	28	476
P167:	-10	7	2	-8	11	-10	-40	10	-10	12	2	-41	-77	-27	-7	-14	-16	11	16	0	-2	-191
I168:	20	28	38	36	10	50	41	-83	26	-22	1	44	50	34	26	7	7	-21	34	0	27	353
R169:	31	22	54	50	39	53	18	32	0	33	26	8	40	22	-71	35	35	34	43	0	39	543
N170:	-1	18	13	10	25	-4	-27	11	8	22	13	-75	11	-25	1	-35	-52	-10	36	0	26	-35
N171:	-19	-9	-20	-38	-6	-32	-46	-27	-57	-17	-24	-80	-16	-53	-34	-58	-47	-21	23	0	-13	-594
R172:	7	33	48	25	26	40	10	10	-23	-13	-9	15	20	2	-44	-6	2	10	52	0	28	233
P173:	-14	2	12	2	32	13	-6	-1	-35	-4	-13	-35	-49	-30	-13	-35	-35	-1	36	0	27	-147
I174:	2	8	25	10	-4	20	-17	-49	-5	-31	-24	10	16	-6	3	-12	-15	-35	9	0	-8	-103
S175:	-24	-4	-21	-38	6	-4	-26	2	-31	-5	-12	-31	-1	-37	-25	-67	-40	-10	28	0	6	-334
M176:	-8	8	34	4	-1	32	20	-10	3	-37	-57	14	20	-1	6	-14	-33	-10	37	0	6	13
Q177:	-26	-7	-4	-29	-13	9	-36	-22	-35	-29	-26	-15	-1	-68	-23	-29	-24	-20	11	0	-27	-414
N178:	-2	13	28	4	-9	3	-34	5	7	-5	3	-44	22	-41	3	-25	-29	-10	15	0	-34	-130
S179:	-20	3	4	-23	2	-29	-46	5	-24	-5	-2	-31	0	-45	-16	-69	-44	-9	4	0	-12	-357
Y180:	33	29	54	49	3	50	28	-6	49	10	16	30	45	33	44	28	18	17	17	0	-44	503
A181:	-61	-18	30	21	-8	-8	-6	-17	11	-28	-23	6	14	-5	-1	-20	-10	-20	16	0	-21	-148
R182:	18	34	46	27	44	52	29	34	4	32	33	33	43	20	-20	17	4	34	53	0	42	579
T183:	-20	9	15	-15	11	-9	-9	-2	-45	-16	-8	-17	6	-29	-40	-46	-69	-9	28	0	0	-265
P184:	-12	-8	28	23	-8	19	-16	-27	5	-19	-10	2	-38	-10	7	-8	-9	-13	14	0	-20	-100
D185:	-7	13	-44	-26	18	-7	4	15	1	14	12	-44	27	-12	-9	-27	-17	10	28	0	11	-40
S186:	-32	-13	8	-17	-5	-5	-41	-22	-41	-14	-15	-55	-1	-33	-41	-81	-46	-18	0	0	-44	-516
D187:	5	10	-30	5	-14	5	-14	5	19	-2	0	-3	16	-12	9	-19	-24	-1	11	0	-31	-65
H188:	26	34	50	48	-10	43	-52	17	45	9	15	20	44	22	29	16	13	14	23	0	-45	361
D189:	-7	15	-31	2	9	-13	-3	18	23	11	13	-24	31	-3	19	-28	-19	11	25	0	-5	44
D190:	-7	10	-50	-32	24	-4	4	16	-7	13	4	-43	19	-20	2	-49	-27	10	29	0	14	-94
V191:	33	42	56	62	21	59	60	-52	62	-8	-3	58	56	49	60	50	27	-62	47	0	41	658
G192:	-18	-10	-12	-16	-12	-68	-38	-7	-16	-20	-28	-63	-17	-59	-14	-66	-56	-12	31	0	-16	-517
D193:	28	34	-62	-22	46	46	46	46	53	49	45	39	56	31	51	1	19	44	53	0	50	653
E194:	22	21	-35	-34	38	45	31	35	44	36	25	6	60	19	41	33	36	32	39	0	34	528
V195:	-5	-3	41	34	-6	25	25	-65	30	-51	-28	24	29	5	15	15	-4	-79	43	0	3	48
S196:	-33	-27	-25	-20	-28	-26	-59	-24	-28	-43	-33	-60	-15	-46	-40	-77	-75	-36	-11	0	-45	-751
S197:	-11	7	50	34	26	-16	11	26	20	25	12	24	41	18	9	-83	5	20	23	0	28	269
I198:	26	21	62	58	10	52	39	-70	51	-43	-26	45	46	37	40	25	11	-67	58	0	24	399
K199:	8	23	39	10	35	28	-19	6	-76	8	17	-1	17	-18	-41	1	-1	3	40	0	16	95
S200:	-13	8	46	33	23	15	11	-14	30	-11	9	24	11	19	29	-81	-36	-32	29	0	23	123
A201:	-67	-22	-14	-29	-16	-22	-32	-33	-37	-33	-31	-35	-10	-39	-30	-51	-47	-39	-12	0	-19	-618
S202:	46	49	49	61	60	47	51	62	63	62	52	22	65	52	63	-65	41	57	67	0	60	964
S203:	-21	2	37	28	13	16	0	-7	22	-9	-9	12	19	7	16	-88	-6	-4	21	0	18	67
S204:	5	-3	13	12	14	20	-8	8	15	15	3	-15	25	-4	9	-86	-23	-4	18	0	17	31
L205:	19	26	40	55	-8	33	42	-43	56	-74	-59	43	49	40	49	-15	29	-36	34	0	27	307
T206:	-21	2	17	-7	24	19	1	-21	-10	-21	4	-34	28	0	23	-51	-86	-23	27	0	20	-109
A207:	-81	9	43	39	22	22	21	-30	20	-28	2	23	33	8	5	7	-38	-46	20	0	21	72
S208:	20	21	54	45	36	44	24	29	39	22	20	27	48	21	28	-79	-33	21	39	0	38	464
L209:	27	24	61	51	-17	53	44	-24	57	-72	-42	29	23	21	48	39	24	-20	39	0	-5	360
S210:	-44	-5	25	-17	19	13	-11	16	2	6	4	-2	-20	-12	-40	-91	-57	8	27	0	17	-162
K211:	6	24	62	52	42	35	23	31	-78	34	23	41	45	-7	-55	-11	34	29	38	0	39	407
S212:	-10	5	5	-28	24	-12	-33	23	-50	26	5	-63	-3	-43	-29	-84	-38	14	32	0	24	-235
F213:	33	37	32	18	-64	20	47	13	20	22	33	18	56	20	32	19	22	20	43	0	36	477
L214:	45	31	60	53	2	49	40	-12	-3	-77	-37	40	41	33	-8	34	31	-4	34	0	31	383
F215:	41	37	58	57	-53	48	43	-7	47	-13	6	45	47	36	45	34	34	20	40	0	9	574
A216:	-51	9	40	27	14	-56	17	2	-14	-3	1	5	31	17	26	-21	-5	-14	20	0	12	57
F217:	30	33	34	18	-61	35	37	14	19	21	26	20	31	-7	26	19	18	13	30	0	33	389
Y218:	44	47	63	58	38	59	45	42	49	18	32	50	64	39	52	39	44	41	42	0	-46	820
N219:	-2	11	2	-5	18	-6	-33	11	-22	9	2	-75	-1	-34	-11	-25	-21	12	15	0	16	-139
N220:	-15	-3	-21	-41	0	-13	-26	-30	-43	-12	-23	-74	-5	-43	-29	-41	-49	-25	17	0	-3	-479
R221:	14	28	48	35	21	38	7	4	-58	-4	-30	10	14	-1	-68	14	11	8	40	0	15	146
K222:	22	29	48	40	39	52	32	24	-60	20	18	23	48	14	0	20	38	22	42	0	36	507
K223:	9	18	18	1	29	27	11	19	-69	-7	12	-8	36	-8	-31	-6	3	18	29	0	27	128
D224:	-6	8	-60	-35	16	-8	-3	12	-18	11	3	-38	16	-34	-3	-29	-22	5	18	0	6	-161
K225:	4	27	35	1	39	28	17	30	-69	4	16	-30	21	-27	-27	-4	3	8	40	0	37	153
T226:	-30	-15	-5	-36	24	-24	-25	-12	-59	-11	-23	-42	-15	-52	-33	-67	-73	-21	27	0	16	-476
S227:	-32	-18	-5	-52	2	-12	-35	-3	-68	-14	-23	-44	-14	-49	-50	-78	-60	-16	21	0	-5	-555
N228:	-41	7	-26	-42	13	-36	-51	-43	-70	-24	-35	-77	-23	-64	-42	-61	-72	-34	20	0	10	-691
N229:	-13	6	-2	-24	10	-18	-8	-17	-56	-44	-19	-79	-11	-48	-37	-39	-51	-8	17	0	10	-431
G230:	-41	-17	-33	-66	-16	-85	-37	-39	-55	-50	-43	-50	-24	-64	-40	-64	-52	-36	29	0	-15	-798
V231:	30	26	52	46	3	16	43	-73	51	-39	-28	30	50	34	45	41	31	-80	37	0	36	351
L232:	61	48	74	64	48	73	65	-15	61	-71	29	57	68	51	67	65	64	15	61	0	52	937
S233:	-30	-25	35	14	26	4	21	-5	-5	-26	-2	-5	2	-19	-4	-84	-67	-15	35	0	32	-118
K234:	39	38	71	54	50	60	33	40	-72	43	11	60	63	39	-12	52	51	40	57	0	47	764
E235:	22	17	13	-67	35	45	25	27	36	31	21	24	57	-30	41	26	16	22	36	0	33	430
Y236:	55	46	72	68	34	69	61	34	72	40	49	63	71	45	66	59	56	40	48	0	-52	996
W237:	81	76	89	87	75	87	84	79	89	82	80	86	91	84	88	85	85	79	-25	0	64	1546
M238:	31	27	62	57	26	56	47	15	42	16	-90	35	55	15	36	44	28	19	34	0	27	582
K239:	27	23	39	49	38	39	19	28	-75	30	19	-10	51	29	-14	32	27	28	38	0	35	452
D240:	23	25	-88	21	35	36	34	40	49	31	30	23	58	26	47	5	-6	36	44	0	43	512
E241:	3	4	-19	-83	26	35	9	22	24	24	13	26	27	-29	36	-24	20	16	31	0	22	183
S242:	-33	-3	-15	-27	-21	-41	-10	-24	-34	-22	-7	-52	-20	-43	-31	-92	-73	-45	18	0	-19	-594
S243:	-30	40	66	65	60	39	51	53	61	61	50	54	68	49	56	-46	7	-1	69	0	62	834
K244:	8	33	59	15	48	32	10	40	-77	43	30	2	53	-17	-51	-6	0	38	54	0	43	357
E245:	25	23	5	-70	43	58	26	43	60	47	31	45	72	32	56	42	43	38	50	0	32	701
C246:	75	-67	93	91	87	92	91	81	92	80	84	91	94	90	92	88	86	79	91	0	88	1598
F247:	56	30	74	71	-60	69	40	34	64	24	40	60	56	31	65	57	52	46	55	0	7	871
S248:	-21	-8	15	-7	10	6	-17	-20	-15	-30	-15	-38	25	-29	-9	-84	-69	-24	50	0	11	-269
C249:	69	-81	89	88	85	86	81	82	88	83	80	73	91	84	88	81	82	81	87	0	83	1500
G250:	-34	14	39	39	29	-52	23	27	39	31	21	14	46	12	29	-43	11	5	73	0	37	360
K251:	49	43	82	78	68	74	60	48	-69	60	53	73	82	58	59	60	32	51	75	0	67	1103
T252:	-25	7	13	-34	21	3	-8	-16	-34	-11	-9	-19	10	-41	-13	-63	-85	-30	56	0	19	-259
F253:	78	75	90	88	-10	87	87	77	87	81	79	80	91	85	84	84	85	78	85	0	81	1572
N254:	4	40	39	59	55	2	39	53	41	56	46	-73	65	39	58	-62	-46	49	62	0	55	581
T255:	27	49	73	73	58	64	60	48	71	47	43	63	70	64	71	22	-71	41	65	0	63	1001
F256:	56	45	78	74	-63	70	60	49	75	54	47	69	77	55	71	66	59	46	58	0	41	1087
R257:	56	48	84	71	75	78	66	68	64	75	66	59	84	64	-47	67	65	65	81	0	73	1262
R258:	75	73	94	88	86	87	80	83	73	81	80	81	91	72	-51	83	82	83	89	0	86	1516
K259:	59	63	91	88	81	83	80	75	-38	79	71	86	90	79	42	66	67	71	87	0	80	1400
H260:	63	69	88	85	77	78	-52	75	88	78	75	73	91	78	86	70	78	68	85	0	79	1432
H261:	68	69	88	84	62	70	-54	71	88	68	72	77	90	78	83	68	76	72	82	0	75	1387
C262:	79	-59	95	94	92	94	93	92	94	92	91	93	95	93	94	91	90	90	89	0	89	1681
R263:	77	76	90	85	87	86	80	84	78	86	83	70	92	77	-73	80	80	84	90	0	85	1497
I264:	43	37	72	72	18	66	68	-78	72	1	-11	57	77	62	69	43	41	5	66	0	61	841
C265:	51	-85	84	64	79	82	79	77	81	82	79	79	88	78	82	69	67	75	86	0	83	1380
G266:	47	51	75	76	66	-65	70	65	83	68	66	68	86	74	81	58	62	67	73	0	69	1240
Q267:	30	24	52	44	46	37	43	46	52	47	32	11	68	-88	63	16	21	29	51	0	40	664
I268:	42	30	72	53	58	69	66	-84	72	49	45	64	79	57	70	41	56	20	68	0	61	988
F269:	64	56	87	83	-51	80	79	59	87	69	61	81	89	78	84	75	75	58	75	0	24	1313
C270:	47	-79	87	79	83	77	85	82	86	83	79	85	91	82	85	76	79	76	86	0	84	1453
S271:	-50	-6	-40	-60	23	-45	-48	7	-67	12	1	-68	29	-49	-40	-92	-51	1	65	0	4	-474
S272:	-22	15	-31	-39	18	-14	-35	10	-57	13	35	-82	21	-58	-19	-78	-58	5	58	0	5	-313
C273:	67	-79	88	85	68	85	79	80	88	82	77	84	90	85	87	81	79	79	84	0	69	1458
T274:	59	61	80	79	72	77	73	38	80	61	27	69	85	72	82	14	-77	66	76	0	72	1166
L275:	-5	-13	40	31	-27	17	1	-30	25	-86	-51	21	6	4	17	-3	-25	-29	18	0	-12	-101
L276:	5	21	66	28	-27	23	6	-42	20	-88	-63	3	18	-2	18	-23	-39	-38	42	0	-14	-86
I277:	45	28	65	53	36	63	51	-93	54	11	1	56	61	38	47	44	45	-54	49	0	41	641
D278:	-25	4	-68	-48	26	6	0	17	-47	14	6	-39	10	-30	-4	-54	-38	1	56	0	24	-189
G279:	-7	27	0	8	11	-77	45	44	18	45	41	-14	12	27	11	-23	-1	36	61	0	6	270
D280:	-15	19	-73	-55	37	-5	-8	-29	-2	-10	23	-18	19	-24	4	-40	-41	-40	49	0	40	-169
R281:	53	54	83	79	68	76	61	62	12	61	54	48	75	37	-67	10	49	60	70	0	68	1013
F282:	59	61	82	80	-57	66	41	33	65	17	56	60	79	50	43	57	56	42	69	0	23	982
G283:	24	41	49	47	56	-76	55	44	28	51	45	13	71	8	32	7	54	44	64	0	57	714
C284:	23	-40	70	66	11	45	31	12	65	19	44	35	68	34	41	38	13	4	56	0	-10	625
H285:	4	36	-15	18	34	12	-64	34	17	10	27	-51	26	-2	9	-48	-17	30	41	0	-3	98
A286:	-63	11	-17	0	32	-73	-32	-63	-19	-58	13	-53	8	-37	-31	-73	-44	-43	43	0	13	-486
K287:	25	51	52	36	61	48	18	31	-67	31	49	30	52	0	-17	15	13	28	67	0	43	566
M288:	52	51	79	78	54	74	70	19	77	-25	-63	73	83	67	75	67	67	36	64	0	54	1052
R289:	66	67	89	81	78	82	76	77	21	77	73	78	88	70	-43	74	74	74	82	0	78	1362
V290:	57	53	82	77	71	75	75	2	76	69	63	73	82	72	74	68	63	-74	80	0	75	1213
C291:	68	-76	91	88	86	90	88	78	90	80	75	88	93	88	89	84	82	78	90	0	87	1537
Y292:	7	16	60	23	-19	39	37	16	39	19	33	45	69	24	53	15	22	14	73	0	-2	583
N293:	8	41	14	16	35	-21	-1	31	14	31	48	-68	37	-3	14	-41	-49	24	66	0	31	227
C294:	60	-86	77	78	82	83	82	81	86	83	78	80	88	82	85	70	74	77	85	0	82	1427
Y295:	35	28	67	65	-28	59	37	39	62	37	42	38	64	56	67	43	54	34	43	0	-58	784
E296:	-32	26	-30	-83	51	8	-5	13	-41	16	-2	-60	44	-56	-8	-30	-19	3	59	0	47	-99
H297:	13	30	-28	20	34	15	-87	28	-11	34	20	-33	9	-13	11	-11	0	28	43	0	33	135
A298:	-53	-22	46	1	-15	25	28	-60	5	-36	-54	12	-10	25	30	-16	-42	-73	32	0	25	-152
D299:	-28	-12	-69	-58	0	-17	-22	-10	-33	-9	-15	-37	11	-58	-26	-56	-62	-14	9	0	-5	-511
T300:	-31	-14	11	-25	-2	-11	-22	-18	-16	-24	-23	-39	-9	-51	-18	-66	-85	-37	18	0	-25	-487
Y301:	51	43	61	58	0	63	56	30	68	25	47	58	65	55	62	48	46	35	39	0	-56	854
E302:	-18	-13	-5	-47	-2	35	11	-33	1	-35	-21	-35	-1	-39	-3	-4	-18	-42	28	0	-2	-243
D303:	7	9	-75	-8	21	-24	5	6	8	19	9	-28	25	-24	11	-47	-5	13	23	0	19	-36
S304:	-23	-6	-17	-17	2	-14	-18	-5	-2	5	-7	-39	6	-34	-9	-89	-59	-3	8	0	-15	-336
S305:	-23	-6	-14	-14	6	-13	-36	3	-21	-9	-8	-58	6	-16	-13	-88	-67	-3	7	0	4	-363
D306:	0	7	-73	-39	30	22	7	25	-1	28	18	-17	37	-19	25	-45	-2	23	32	0	26	84
E307:	-1	-5	-35	-82	6	20	-2	-11	4	-6	-7	5	20	-24	9	2	2	-5	5	0	5	-100
E308:	-10	6	-33	-79	18	26	1	12	-9	15	8	-8	36	-36	18	-17	12	-1	20	0	15	-6
N309:	-8	18	-9	-37	24	-27	-43	-10	-5	-13	5	-70	4	-37	-11	-43	-35	-26	28	0	20	-275
D310:	-8	15	-60	-57	27	-10	15	24	-2	27	15	-33	12	-30	-4	-41	-39	19	29	0	24	-77
S311:	-30	3	-44	-59	15	-15	-39	-10	-60	-11	-19	-44	-19	-46	-38	-81	-77	-18	18	0	17	-557
T312:	-42	-2	0	-22	-2	-36	-30	-10	-26	-9	-15	-47	2	-38	-47	-72	-73	-19	16	0	-18	-490
M313:	-9	16	-3	-41	-24	12	-1	-14	-14	-21	-70	-25	-19	-25	-2	-42	-30	-11	25	0	-6	-304
Q314:	-31	4	-24	-58	9	-1	-8	4	-45	6	-5	-43	-6	-75	5	-32	-28	3	8	0	4	-313
L315:	-33	-22	-9	-40	-46	-12	-48	-51	-31	-78	-66	-24	-25	-40	-22	-49	-63	-51	-13	0	-50	-773
N316:	-56	-32	-61	-80	-41	-56	-69	-47	-58	-58	-48	-88	-41	-83	-57	-82	-72	-62	-33	0	-50	-1174
E317:	-45	-26	-56	-83	-14	-16	-38	-24	-48	-28	-33	-39	-9	-72	-35	-60	-48	-32	11	0	-20	-715
P318:	-16	6	-25	-40	-8	-6	-6	6	-33	-17	-2	-30	-65	-49	-46	-48	-27	-19	14	0	10	-401
R319:	-36	-8	12	-37	3	8	-45	-29	-56	-24	-22	-23	-6	-40	-67	-37	-36	-20	29	0	-1	-435
S320:	-32	-32	-8	-31	-2	-22	-54	-7	-35	-22	-24	-40	-14	-41	-27	-75	-48	-15	21	0	-12	-520
R321:	-11	7	1	-15	17	27	-6	5	-39	-2	-27	-3	6	-26	-58	-41	-15	2	41	0	15	-122
S322:	-24	-14	-8	-14	-14	-16	-47	-6	-22	-19	-15	-45	-17	-58	-29	-72	-69	-20	0	0	-35	-544
R323:	-18	4	18	-12	16	1	-17	5	-36	-9	-10	-39	-3	-46	-59	-32	-37	0	40	0	14	-220
S324:	-22	-5	-33	-57	7	-9	-27	4	-41	0	-14	-39	-12	-41	-26	-77	-64	-8	33	0	7	-424
R325:	-7	13	28	20	-16	30	-11	7	-32	-9	0	-22	20	-6	-50	-24	-15	5	29	0	-9	-49
S326:	-28	1	4	-46	12	6	-15	-15	-26	2	-6	-51	-5	-24	-24	-71	-39	-17	41	0	36	-265
S327:	-13	7	4	-30	18	-5	1	13	-16	-9	7	-29	-19	-37	-14	-79	-72	-28	18	0	16	-267
N328:	-33	-7	-14	-39	-5	-17	-45	-11	-47	-17	-21	-68	-10	-66	-34	-56	-45	-22	0	0	-19	-576
T329:	-34	-18	-16	-46	19	-26	-36	-17	-42	-16	-29	-61	-20	-49	-32	-59	-77	-27	16	0	16	-554
N330:	-17	-5	-26	-54	7	-18	-37	-5	-29	-3	-11	-68	-3	-53	-25	-50	-50	-12	24	0	1	-434
P331:	-21	-4	0	-21	7	5	-9	-23	-31	-9	-14	-24	-56	-36	-12	-28	-34	-15	37	0	30	-258
Y332:	23	21	52	43	-10	43	11	10	41	8	6	31	39	17	35	19	24	8	12	0	-56	377
S333:	-27	-8	-25	-33	13	-14	-34	6	-39	2	-11	-64	-6	-38	-38	-83	-51	-2	34	0	10	-408
H334:	-14	10	-21	-15	-13	6	-67	-6	-19	-12	-11	-27	-5	-30	-23	-30	-29	-17	5	0	-37	-355
S335:	-36	-25	-25	-44	0	-18	-41	-7	-69	-12	-22	-48	-19	-50	-38	-80	-56	-16	24	0	-7	-589
H336:	-5	10	4	-8	6	17	-59	4	-18	-8	-14	-19	13	-32	-40	-24	-14	-8	12	0	-8	-191
S337:	-25	-10	-8	-31	0	-12	-33	-10	-45	-27	-26	-33	-16	-43	-34	-78	-48	-17	6	0	-1	-491
H338:	-16	5	3	-4	0	11	-58	-7	-18	-11	-21	-14	2	-32	-15	-42	-33	-12	26	0	-17	-253
L339:	13	22	37	20	10	31	26	-5	7	-43	-20	-5	31	8	15	-4	-5	-7	49	0	15	195
H340:	-9	-2	4	-1	-25	5	-73	-19	-2	-28	-41	-24	-10	-28	-10	-31	-28	-24	-3	0	-43	-392
L341:	9	16	32	7	-16	26	24	-14	5	-43	-29	10	18	1	12	-5	-6	-10	34	0	23	94
I342:	-20	-1	-9	-49	-18	0	-3	-65	-37	-46	-47	-14	-5	-30	-17	-40	-38	-31	21	0	18	-431
S343:	-44	-21	-15	-43	-5	-44	-33	-13	-50	-17	-24	-46	-22	-49	-38	-80	-54	-24	18	0	15	-589
Q344:	-32	7	-5	-37	11	12	-27	-21	-45	-24	-33	-7	-1	-75	-34	-54	-30	-17	11	0	8	-393
D345:	-25	3	-59	-42	15	-3	-6	5	-23	0	-1	-25	11	-27	-11	-45	-53	-3	39	0	8	-242
N346:	-25	-2	-9	-30	-13	-21	-39	-15	-24	-24	-16	-70	-5	-50	-27	-53	-58	-27	4	0	-31	-535
H347:	-4	13	15	-1	9	21	-52	-12	-2	0	-13	-12	19	-11	3	-26	-10	-9	33	0	23	-16
N348:	-21	0	-5	-32	3	-33	-35	-3	-39	-5	-9	-67	1	-45	-39	-54	-38	-12	27	0	1	-405
G349:	-11	3	0	-21	-2	-70	-25	8	-39	0	-16	-51	-10	-42	-26	-60	-18	-3	10	0	-7	-380
T350:	-32	-23	-4	-14	-33	-25	-38	-35	-23	-52	-35	-32	-15	-39	-21	-53	-77	-42	-4	0	-46	-643
D351:	-2	19	-53	-30	26	-18	7	22	-5	21	17	-15	22	-23	10	-28	-24	14	47	0	42	49
L352:	-27	-16	-8	-24	-25	-6	-6	-41	-31	-70	-57	-26	-18	-34	-16	-68	-42	-37	23	0	-20	-549
H353:	0	19	5	-13	19	19	-68	14	-2	-13	5	-7	3	-20	1	-13	-4	-7	21	0	9	-32
D354:	2	20	-75	-27	27	-6	19	30	15	34	25	-31	15	-24	14	-23	-26	28	33	0	10	60
P355:	-30	1	-4	-18	-3	1	-20	-10	-26	-18	-16	-28	-59	-52	-19	-33	-30	-16	14	0	-20	-386
V356:	-21	-1	-36	-28	-5	-10	2	-46	-35	-45	-41	-15	-5	-35	-13	-36	-41	-67	26	0	-7	-459
A357:	-69	-24	-8	-33	-10	-25	-26	-27	-48	-28	-40	-39	-19	-50	-60	-63	-47	-41	27	0	-17	-647
A358:	-66	-6	29	16	1	-5	3	-24	5	-26	-19	1	9	-8	-5	-57	-28	-46	18	0	-5	-213
T359:	-30	-12	12	-30	-16	-14	-43	-10	-22	-28	-17	-29	-4	-46	-55	-68	-72	-21	7	0	-32	-530
D360:	2	13	-61	-25	15	7	1	14	14	16	11	-16	19	-15	8	-35	-35	12	24	0	7	-24
N361:	-26	-12	-24	-36	-35	-20	-33	-21	-53	-30	-31	-69	-9	-52	-32	-57	-56	-33	18	0	11	-600
P362:	-38	-3	-12	-48	7	-7	-14	-5	-48	-8	-16	-47	-64	-41	-23	-35	-35	-13	29	0	2	-419
Q363:	-15	1	-11	-40	-3	2	-15	-10	-25	-13	-17	-46	4	-67	-28	-46	-23	-9	17	0	-8	-352
Q364:	-51	-17	-35	-56	-14	-12	-52	-36	-69	-32	-41	-52	-21	-82	-49	-66	-55	-26	5	0	-23	-784
Q365:	-60	-23	-65	-57	-30	-30	-73	-41	-67	-41	-50	-59	-30	-86	-51	-68	-51	-35	-13	0	-59	-989
N366:	-41	-12	-26	-55	-9	-31	-46	-21	-46	-23	-30	-73	-24	-60	-54	-56	-51	-27	15	0	-14	-684
E367:	-22	0	-28	-78	15	2	-1	9	-15	-16	4	-18	-15	-40	-20	-45	-35	-21	17	0	15	-292
V368:	-32	-26	36	-3	-2	19	9	-80	-7	-61	-57	1	-39	0	20	-55	-37	-88	3	0	0	-399
Y369:	17	9	38	29	-21	24	3	-16	24	-17	-10	12	0	2	18	-15	0	-11	-4	0	-67	15
L370:	6	8	37	28	-28	20	-2	-47	0	-70	-40	9	13	-1	7	-5	-35	-25	9	0	-36	-152
L371:	20	30	53	31	-14	27	-4	-22	29	-71	-39	6	7	9	16	6	-1	-8	31	0	-10	96
N372:	-13	4	-34	-24	-6	-35	-59	5	-45	8	-3	-88	8	-50	-11	-48	-46	3	10	0	6	-418
D373:	18	17	-79	-3	31	-1	-13	15	39	30	18	-18	47	-10	10	-34	11	26	28	0	28	160
D374:	9	10	-75	-39	23	22	19	16	12	21	11	-29	35	4	21	2	-16	5	26	0	21	98
D375:	-2	23	-69	-20	34	29	28	32	19	27	27	22	44	-26	37	0	6	28	40	0	36	315
V376:	-3	4	33	31	1	48	44	-71	7	-32	-29	28	-6	2	20	7	-8	-79	31	0	28	56
Q377:	-22	6	14	1	-10	8	-44	-21	-36	-20	-30	-24	2	-82	-29	-25	-45	-24	11	0	-26	-396
S378:	7	12	49	21	27	34	18	11	36	28	17	6	42	17	28	-79	13	19	36	0	30	372
I379:	37	29	56	54	24	53	46	-75	41	-47	0	47	51	38	47	21	32	-17	35	0	30	502
M380:	6	24	58	52	-2	51	40	-42	35	-46	-64	-7	30	33	41	18	3	-36	31	0	25	250
T381:	-46	-3	18	-20	11	-42	-1	-15	-16	-5	-6	-12	-4	-6	15	-50	-86	-24	13	0	8	-271
S382:	-31	-10	-29	-30	-14	-19	-39	-29	-35	-20	-7	-68	-14	-45	-42	-87	-70	-24	5	0	6	-602
G383:	-54	-29	-10	-33	-20	-77	-42	-49	-65	-24	-42	-54	-50	-50	-36	-60	-61	-38	13	0	-30	-811
E384:	2	-8	-56	-84	10	13	3	3	-12	6	-3	12	28	-53	-11	-3	-3	-4	10	0	9	-141
D385:	9	17	-75	14	34	-4	29	33	45	35	22	-12	46	10	36	-2	-5	29	41	0	36	338
S386:	-41	-36	-15	-35	-38	-31	-60	-25	-42	-25	-46	-62	-39	-67	-37	-91	-80	-34	12	0	-23	-815
K387:	16	13	47	42	27	38	4	18	-81	20	11	-36	37	-16	-37	4	4	11	27	0	23	172
L388:	21	35	63	61	5	56	42	-14	60	-74	-43	11	53	46	51	43	-11	-34	47	0	37	455
F389:	40	26	54	49	-64	49	11	-10	47	-4	-15	43	45	37	49	26	16	2	29	0	-1	429
I390:	21	33	65	45	-32	58	46	-82	28	-69	-44	33	52	47	19	-3	-6	-55	37	0	-3	190
S391:	-21	6	-13	-3	25	3	7	-4	-27	-3	13	-25	-31	-29	-13	-85	-60	-17	33	0	27	-217
T392:	-26	1	5	-6	-16	-22	-8	6	-42	-14	0	-31	-7	-14	5	-61	-88	-23	19	0	-27	-349
P393:	1	20	31	21	5	21	21	-11	5	-4	-11	29	-75	17	29	-26	-5	-8	34	0	32	126
P394:	-22	4	-28	-17	16	3	6	5	-52	-18	-2	-23	-81	-42	-22	-40	-59	-34	18	0	13	-375
P395:	0	10	42	3	21	37	17	-10	2	16	6	22	-74	-54	26	8	16	12	24	0	21	145
P396:	-17	18	50	43	27	6	21	-3	23	-18	12	15	-68	19	33	2	-4	-3	31	0	24	211
P397:	24	21	60	48	9	50	27	14	20	26	17	40	-72	30	40	24	34	27	38	0	33	510
K398:	36	29	64	58	44	46	36	35	-62	29	20	51	59	-18	-2	39	25	29	51	0	43	612
M399:	46	40	71	68	46	66	63	43	60	39	-79	62	54	56	66	47	44	42	55	0	46	935
A400:	-74	22	57	37	40	19	35	29	29	30	24	25	53	22	38	25	-13	23	43	0	38	502
I401:	40	29	44	56	32	52	49	-85	38	18	9	30	35	39	48	15	37	19	44	0	39	588
P402:	3	11	45	36	23	36	12	15	14	18	6	19	-82	8	12	12	3	15	26	0	22	254
A403:	-84	-7	39	40	10	19	15	-11	-5	-5	-14	17	15	-10	14	-20	-4	-35	15	0	5	-6
T404:	37	40	63	46	33	52	36	48	56	48	35	48	57	28	55	30	-74	45	52	0	42	777
K405:	33	32	66	56	45	47	18	40	-52	39	30	44	57	31	-72	24	42	39	51	0	43	613
Q406:	16	13	43	28	16	40	-32	12	-13	2	-16	26	38	-82	-28	5	12	14	13	0	10	117
G407:	24	25	48	43	34	-70	24	30	26	31	14	33	25	17	35	17	9	6	37	0	27	435
G408:	-12	4	3	-54	16	-58	-7	16	-43	17	-4	-47	-16	-47	9	-56	4	14	2	0	12	-247
S409:	-40	-5	12	-4	10	13	-5	8	7	10	-2	-2	16	-34	9	-90	-12	2	14	0	7	-86
L410:	28	14	51	48	13	17	33	-25	43	-80	-9	29	40	29	22	28	7	-49	28	0	21	288
E411:	31	30	53	-64	46	44	41	41	61	48	36	49	69	38	31	44	50	42	51	0	45	786
I412:	35	23	58	34	20	47	41	-86	29	-10	-2	40	24	35	23	31	29	11	29	0	24	435
S413:	-46	-25	-23	-22	-12	-28	-38	-11	-25	-14	-21	-36	-23	-36	-27	-84	-66	-24	16	0	-8	-553
F414:	6	19	46	37	-56	27	20	-10	34	-19	-10	31	29	18	34	-4	14	-2	6	0	-12	208
D415:	-18	-7	-75	-37	5	-23	-26	-5	-15	-2	-9	-76	-6	-35	-11	-62	-58	-10	33	0	-3	-440
S416:	-21	7	-8	-16	21	3	-21	-19	-33	-13	-14	-30	-7	-27	-16	-82	-38	-13	29	0	23	-275
E417:	-22	-3	-32	-63	9	-4	-1	-2	-27	-18	-7	-11	15	-31	-13	-33	-19	-9	32	0	6	-233
N418:	-19	5	8	-31	5	-6	-15	-21	-19	-16	-31	-59	1	-37	-10	-50	-62	-12	15	0	3	-351
D419:	-37	-3	-56	-34	-2	-35	-22	-10	-34	-13	-10	-26	-18	-38	-19	-48	-47	-21	5	0	-28	-496
R420:	-15	4	42	26	6	32	-13	-16	-15	-8	-2	7	19	-7	-56	-24	-20	-3	22	0	-19	-40
A421:	-73	-38	-44	-47	-40	-65	-58	-55	-63	-64	-59	-54	-42	-56	-51	-56	-54	-58	1	0	-46	-1022
L422:	2	22	29	8	3	21	10	-17	-21	-48	-23	3	-2	-5	10	-14	-32	1	23	0	-4	-34
H423:	-3	10	17	-9	3	13	-51	-15	-13	-16	-9	-23	9	-30	-4	-26	-28	-13	11	0	-7	-184
Y424:	19	19	38	23	-11	38	7	6	25	1	5	13	32	1	9	-3	16	7	-3	0	-65	177
Q425:	-9	8	19	-13	-22	27	-11	-9	-40	-26	-17	5	25	-66	-22	-24	-14	-9	1	0	-19	-216
D426:	-20	-5	-74	-51	-5	-23	-64	-10	-38	-14	-14	-50	2	-36	-26	-65	-50	-16	2	0	-38	-595
D427:	-35	1	-66	-56	14	-16	-10	3	-35	0	-8	-35	13	-37	-29	-60	-41	-4	36	0	4	-361
N428:	-14	6	-34	-31	14	-29	-50	11	-42	12	1	-86	-44	-50	-65	-68	-44	5	10	0	11	-487
P429:	-46	-26	-48	-60	-24	-21	-40	-35	-63	-46	-37	-68	-69	-59	-44	-63	-58	-49	-10	0	-32	-898
G430:	-41	-16	-35	-39	-25	-64	-52	-21	-67	-49	-40	-52	-30	-54	-53	-78	-67	-29	-9	0	-35	-856
R431:	18	23	53	46	23	46	15	25	4	-2	17	21	40	6	-27	12	16	21	37	0	10	404
H432:	22	25	16	45	21	17	-39	35	21	21	31	-25	37	16	33	0	12	2	42	0	19	351
H433:	9	16	31	37	-12	15	-59	4	16	5	-2	-26	31	-7	-19	-18	-12	-7	3	0	-9	-4
H434:	-6	18	24	1	16	22	-49	7	-18	6	-1	-27	19	-17	-17	-41	-36	-9	37	0	8	-63
L435:	9	25	38	23	-18	31	32	-17	14	-43	-17	22	27	3	7	-29	4	-3	45	0	14	167
D436:	-32	-3	-53	-50	10	-8	-3	-14	-22	-10	-5	-21	3	-24	-12	-46	-52	-10	33	0	28	-291
S437:	-6	25	9	9	37	-2	-20	39	-25	17	28	-64	10	-17	-19	-70	-25	11	38	0	-10	-35
V438:	-1	3	28	22	-45	10	-7	-54	-3	-40	-34	0	12	-32	3	-29	-17	-54	-11	0	-49	-298
P439:	-9	19	6	20	17	9	-13	18	-20	-9	9	-50	-47	-22	-39	-6	-21	0	30	0	26	-82
T440:	-16	13	-35	-15	31	-21	13	24	3	28	14	-16	9	-22	35	-38	-68	21	34	0	29	23
R441:	2	14	55	42	21	42	11	-6	4	4	8	4	39	-7	-51	-6	-25	4	50	0	24	229
Y442:	57	56	70	72	32	61	69	54	69	33	62	44	74	65	65	44	55	48	56	0	-29	1057
T443:	-5	21	24	3	34	5	20	10	9	14	19	-31	-26	-12	12	-59	-77	3	11	0	29	4
I444:	38	29	56	52	-12	40	23	-81	47	-61	-36	28	22	31	29	33	14	-10	29	0	25	296
R445:	34	31	64	40	42	53	2	36	-23	38	29	37	52	12	-59	13	31	34	46	0	27	539
D446:	-3	11	-68	-12	11	2	20	19	3	19	15	-33	44	12	33	-38	-36	9	26	0	22	56
M447:	-6	2	36	28	-43	19	-7	-20	15	-35	-63	9	3	-13	2	-16	-13	-42	-3	0	-57	-204
D448:	7	27	-62	-20	39	-2	-6	37	18	40	32	-25	4	-5	-6	-17	-32	35	44	0	16	124
N449:	-8	2	-4	-28	-15	-12	-46	-12	-15	-19	-21	-59	0	-36	-23	-55	-41	-22	-1	0	-26	-441
I450:	7	21	34	31	-41	18	6	-73	-10	-81	-50	10	11	-4	-1	-21	-3	-29	24	0	-24	-175
S451:	-15	-15	-6	-22	21	5	-52	1	-30	-9	-10	-38	-36	-28	-25	-81	-54	-9	27	0	18	-358
H452:	6	24	21	28	26	19	-56	23	-5	8	14	-32	-48	-4	-2	-16	-9	3	32	0	2	34
Y453:	44	36	59	42	19	51	42	16	37	30	30	35	58	40	54	26	42	20	31	0	-44	668
D454:	3	19	-48	-38	32	13	21	10	-12	23	0	-8	32	-9	-8	-37	-21	15	54	0	48	89
T455:	-10	7	18	18	-6	9	-19	-16	1	-26	-15	-22	17	-34	14	-18	-48	-11	19	0	-41	-163
N456:	-12	8	-2	-26	12	-17	-23	1	-50	2	-35	-56	8	-47	-39	-46	-50	-4	32	0	25	-319
S457:	-13	-3	5	-12	-13	-2	-49	-6	-31	-19	-5	-9	-4	-14	-8	-60	-43	-15	14	0	-28	-315
N458:	-41	-16	-29	-48	-35	-41	-46	-37	-65	-41	-38	-71	-24	-60	-54	-68	-51	-41	10	0	-20	-816
S459:	1	22	38	23	34	-28	-1	35	10	33	2	19	39	13	3	-77	14	29	39	0	35	283
T460:	-23	4	-7	-32	-4	-23	-44	-13	-41	-15	-27	-42	-18	-53	-40	-69	-83	-23	14	0	6	-533
L461:	-5	9	12	-9	-20	14	2	-17	-43	-61	-58	3	9	-11	-26	-22	-18	-40	11	0	-10	-280
R462:	-30	-1	29	14	10	2	-25	-4	-50	-8	-12	-29	9	-47	-71	-40	-32	-6	17	0	6	-268
P463:	-31	16	18	14	26	14	15	20	-14	19	-11	-9	-77	-47	-34	-52	-32	-3	25	0	27	-116
H464:	-4	-3	6	-3	-20	18	-73	-15	-8	-38	-36	-4	16	-41	-3	-34	-12	-20	-2	0	-48	-324
Y465:	-24	-12	12	-1	-55	-9	-40	-27	-15	-41	-48	-15	6	-49	-28	-28	-27	-37	-27	0	-76	-541
N466:	-28	-13	-56	-57	-9	-36	-80	-33	-54	-17	-24	-88	-21	-59	-65	-61	-61	-23	16	0	-18	-787
T467:	-43	-22	-3	-41	-27	-24	-45	-11	-48	-16	-47	-39	-10	-60	-38	-67	-81	-33	24	0	-31	-662
N468:	-39	-26	-29	-65	-59	-38	-75	-37	-52	-46	-46	-75	-53	-59	-46	-78	-73	-43	-26	0	-58	-1023
N469:	-12	-6	-20	-11	-32	-14	-48	-9	-24	-20	-17	-61	5	-52	-40	-55	-52	-19	3	0	-37	-521
S470:	-58	-19	-41	-61	-3	-36	-34	-10	-74	-37	-21	-56	-57	-75	-59	-91	-68	-49	0	0	-4	-853
T471:	-42	-17	-10	-34	-32	-29	-47	-37	-70	-33	-41	-45	-39	-52	-52	-53	-73	-46	-8	0	-35	-795
I472:	31	17	69	54	-16	35	15	-54	44	-59	-26	41	9	30	5	23	24	7	10	0	-10	249
T473:	-19	6	16	6	-14	-8	-17	-7	5	0	1	-24	-3	-14	7	-45	-69	-3	20	0	-8	-170
I474:	10	27	22	19	-2	26	8	-49	-33	-40	-43	10	24	-6	-17	-30	-28	-3	30	0	-1	-76
N475:	-50	-21	-33	-59	-15	-31	-42	-38	-44	-25	-32	-72	-17	-58	-43	-74	-67	-51	11	0	-36	-797
N476:	-25	-6	-12	-38	-9	-25	-28	-31	-32	-28	-45	-66	-10	-51	-32	-69	-47	-33	4	0	-9	-592
L477:	-6	-9	1	12	-49	5	-14	-40	-9	-69	-51	-12	-3	-10	-16	-25	-35	-56	-2	0	-45	-433
N478:	-24	-8	-30	-30	-18	-49	-36	-7	-54	-7	-40	-78	-8	-63	-50	-57	-40	-12	20	0	-7	-598
N479:	-15	19	-23	-28	26	-22	-27	4	-46	-6	11	-74	-23	-41	-28	-34	-52	-5	32	0	26	-306
T480:	-15	3	7	-16	-5	-6	-11	-17	-41	-4	-9	-13	1	-54	-37	-47	-66	-7	32	0	-13	-318
T481:	-45	3	-12	-25	-4	-10	-11	-23	-29	-13	-22	-17	14	-31	-13	-45	-70	-27	9	0	-12	-383
S482:	-7	5	-1	-15	16	-3	-37	16	-24	-2	1	-42	4	-44	-27	-73	-21	9	38	0	14	-193
N483:	-31	-13	-20	-29	-47	-36	-50	-36	-36	-32	-32	-76	-31	-62	-57	-57	-49	-48	-6	0	-44	-792
N484:	-20	-7	-21	-22	-32	-22	-57	-24	-35	-38	-26	-62	-9	-46	-55	-44	-44	-49	-9	0	-56	-678
S485:	-24	-14	-10	-15	-14	-16	-42	-5	-34	-14	-16	-30	-9	-43	-38	-62	-34	-18	7	0	-29	-460
N486:	5	22	5	14	25	5	-17	9	-9	6	5	-67	17	-28	-12	-36	-20	4	38	0	11	-23
Y487:	18	35	46	-2	10	45	38	-8	25	15	18	29	44	16	40	0	10	1	32	0	-14	398
N488:	-2	19	-21	-17	27	-4	-21	10	-40	10	-3	-63	-21	-33	-29	-53	-42	-1	35	0	6	-243
N489:	-27	28	-26	-34	33	-16	-19	1	-22	-17	-12	-71	4	-62	-17	-53	-37	-18	40	0	8	-317
T490:	-49	-12	-15	-42	-24	-31	-43	-14	-65	-15	-22	-38	-17	-63	-40	-59	-76	-24	22	0	-21	-648
N491:	-21	2	-22	-38	-18	-17	-28	-25	-30	-18	-34	-74	-7	-41	-21	-56	-53	-26	29	0	1	-497
S492:	-42	-16	-36	-59	-11	-18	-46	-14	-70	-33	-26	-56	-25	-63	-46	-80	-60	-25	0	0	-13	-739
N493:	-31	-17	-25	-62	-9	-29	-43	-24	-68	-23	-27	-73	-28	-72	-53	-60	-60	-51	6	0	-17	-766
S494:	-20	-16	-29	-33	7	-8	-33	-3	-42	-20	-23	-53	-26	-41	-46	-80	-65	-10	25	0	5	-511
N495:	-29	-4	-26	-39	-9	-46	-56	-5	-45	-13	-13	-73	-6	-41	-39	-49	-40	-15	3	0	-26	-571
I496:	11	7	40	26	-36	27	-21	-62	-1	-53	-31	-2	-1	4	16	-7	-20	-43	9	0	-33	-170
N497:	-9	18	2	-18	9	-2	-8	0	-25	-4	-7	-52	-6	-44	-4	-55	-53	-15	28	0	16	-229
N498:	-27	3	-31	-24	-6	-18	-22	1	-33	-1	-7	-67	-6	-30	-21	-65	-53	-4	33	0	0	-378
P499:	-15	13	-24	-38	20	-14	-20	-24	-45	-36	-31	-34	-54	-49	-31	-39	-33	-23	25	0	-21	-473
A500:	-65	-10	-10	-29	-6	-17	-11	-19	-31	-27	-31	-20	-15	-49	-33	-42	-56	-35	32	0	-17	-491
H501:	-3	7	20	21	-31	-7	-69	-17	-5	-22	-17	-38	0	-31	0	-19	-10	-23	6	0	-36	-274
S502:	-12	1	1	-36	11	-33	-10	-5	-40	-1	-9	-64	-6	-33	-40	-86	-55	4	10	0	14	-389
L503:	17	17	40	32	-34	28	14	-13	28	-65	-27	20	7	10	4	5	9	-6	15	0	-12	89
R504:	13	35	47	27	51	34	-6	40	-4	39	36	7	53	-10	-69	-4	-6	37	55	0	45	420
R505:	-14	22	32	13	27	18	4	4	-57	-5	-2	-1	-7	-19	-70	-25	-16	3	43	0	33	-17
S506:	-8	16	-17	-19	28	3	-32	-5	-10	6	16	-22	-5	-29	-29	-76	-33	-1	33	0	-14	-198
I507:	48	45	68	64	19	63	52	-66	66	-51	-11	54	57	43	47	40	36	-23	50	0	47	648
F508:	34	48	51	49	-40	50	40	27	51	9	19	49	58	20	40	28	25	12	61	0	25	656
H509:	-16	11	-26	-3	-18	-10	-71	2	4	-16	0	-54	3	-44	-6	-38	-16	-22	18	0	-12	-314
Y510:	52	42	62	52	29	55	53	21	47	47	42	49	63	22	42	24	44	40	49	0	-30	805
V511:	33	48	69	57	43	64	59	-26	33	-8	-10	61	50	48	54	42	15	-51	49	0	43	673
S512:	-4	17	4	4	34	4	-31	35	-15	29	26	-43	7	-5	11	-71	-16	22	41	0	20	69
S513:	-13	20	-25	-13	37	-40	-15	33	-22	7	22	-61	20	-36	2	-78	-29	-12	45	0	13	-145
N514:	-39	-14	-32	-53	-29	-34	-59	-28	-32	-43	-37	-70	-38	-66	-32	-60	-63	-47	-10	0	-49	-835
S515:	-40	-24	-42	-55	-6	-16	-38	-23	-72	-29	-22	-54	-14	-66	-36	-76	-74	-21	23	0	-16	-701
V516:	-23	-5	-14	-27	-12	-3	-18	-43	-47	-44	-50	-23	-25	-40	-19	-57	-54	-63	19	0	-18	-566
N517:	-16	2	-32	-28	11	-23	-16	-5	-4	9	-25	-77	-4	-40	1	-44	-49	2	28	0	9	-301
K518:	-12	1	3	-40	16	-22	-10	-15	-69	-17	-13	-3	-11	-22	-33	-21	-32	-21	35	0	6	-280
D519:	7	21	-52	-12	31	1	27	29	11	26	25	-9	28	17	25	-7	-14	27	33	0	27	241
S520:	-11	21	7	-16	32	0	20	3	-19	4	22	-17	-1	-19	-12	-69	-57	-2	32	0	34	-48
N521:	-21	4	-3	-34	15	-12	-7	2	-22	8	-1	-45	-7	-37	-24	-33	-22	1	33	0	-5	-210
N522:	1	27	11	-21	-4	-4	-28	0	-6	-9	-23	-64	0	-46	4	-41	-24	-4	38	0	12	-181
S523:	-18	-6	-25	-45	8	-17	-36	3	-55	-12	-10	-48	-20	-38	-39	-73	-51	-20	27	0	3	-472
S524:	-7	12	21	13	4	15	-24	11	11	-8	11	-9	8	-2	16	-44	-12	-1	29	0	-5	39
A525:	-66	-19	-36	-29	-19	-13	-44	-36	-66	-52	-59	-31	-29	-56	-47	-41	-39	-43	14	0	-33	-744
T526:	-13	8	-16	-26	22	-25	0	11	-24	11	3	-35	12	-29	-24	-58	-60	0	41	0	37	-165
P527:	21	41	42	43	49	41	48	39	35	37	30	28	-51	45	46	5	16	41	51	0	50	657
A528:	-55	-17	11	-24	-30	-28	-30	-58	-48	-50	-34	-19	8	-27	-35	-22	-49	-63	-5	0	-47	-622
S529:	-11	7	-5	-27	13	10	-3	3	-34	9	1	-16	-2	-18	-13	-54	-21	6	26	0	18	-111
S530:	-46	-12	-26	-31	25	-27	-25	-14	-36	-12	-13	-36	-47	-28	-8	-81	-53	-10	34	0	6	-440
A531:	-75	-43	-28	-50	-36	-43	-36	-55	-61	-69	-54	-48	-57	-56	-46	-71	-65	-67	6	0	-42	-996
Q532:	-15	0	2	-30	1	7	-17	-23	-24	-23	-14	-5	-12	-59	-4	-27	-37	-15	26	0	-1	-270
S533:	-38	-9	-14	-32	-16	-14	-37	-25	-37	-14	-16	-46	-26	-61	-20	-72	-47	-23	29	0	23	-495
S534:	-31	-14	-22	-36	0	1	-33	-11	-40	-18	-16	-40	-19	-54	-24	-81	-72	-28	26	0	-30	-542
S535:	-38	0	-31	-69	11	-22	-55	-15	-58	-26	-45	-61	-57	-76	-45	-82	-71	-23	8	0	6	-749
I536:	-22	-12	-35	-57	-19	-25	-18	-68	-64	-51	-53	-50	-32	-47	-48	-66	-52	-58	19	0	-20	-778
L537:	-30	-13	-22	-25	-55	-17	-34	-35	-54	-73	-56	-47	-33	-55	-47	-62	-61	-50	-6	0	-42	-817
D538:	-17	6	-65	-42	4	-27	-12	16	-22	-3	9	-54	9	-34	-18	-42	-40	-14	24	0	-4	-326
P539:	-39	7	-24	-49	19	-18	-28	-14	-45	-8	-16	-52	-61	-56	-33	-54	-30	-15	25	0	17	-474
A540:	-77	-29	-42	-60	-22	-29	-31	-52	-59	-52	-50	-48	-32	-45	-32	-60	-72	-61	1	0	-27	-879
N541:	-22	11	-39	-51	3	-30	-35	-6	-39	-10	-12	-61	-21	-54	-39	-48	-53	-20	27	0	-9	-508
R542:	28	54	69	51	57	65	39	47	25	47	43	36	51	32	-17	18	20	37	74	0	55	831
I543:	26	42	68	61	41	56	58	-57	64	1	21	51	50	1	50	31	-4	-25	51	0	27	613
I544:	15	26	42	17	-20	17	-3	-76	17	-67	-52	-8	0	-11	18	-19	-25	-35	29	0	-16	-151
G545:	-35	-7	-9	-17	9	-62	-13	-14	-23	-9	-11	-39	-20	-47	-53	-62	-36	-18	42	0	7	-417
N546:	-27	-8	3	-38	-3	-32	-52	-12	-27	-32	-15	-72	-14	-34	-20	-72	-71	-20	2	0	-5	-549
Y547:	43	43	57	49	7	48	44	30	61	19	33	27	45	39	55	30	34	23	26	0	-45	668
A548:	-65	21	-7	-2	30	-41	24	-17	-16	-16	6	-29	-6	-29	-1	-63	-48	-16	34	0	28	-213
H549:	-5	19	-13	6	1	-10	-59	-3	-30	-10	8	-55	-12	-36	-25	-42	-31	-7	24	0	-5	-285
R550:	-9	33	42	28	31	37	-9	16	-36	3	7	5	5	-24	-53	-29	-15	16	50	0	27	125
N551:	14	9	-1	-11	31	-9	11	18	23	24	15	-74	20	-46	22	-37	-27	22	36	0	29	69
Y552:	44	48	68	47	-5	56	19	16	48	35	28	26	58	9	53	31	39	26	47	0	-23	670
K553:	4	22	24	4	35	20	-9	-1	-70	-1	18	-19	8	-24	-31	-16	3	-18	40	0	16	5
F554:	36	39	28	30	-29	26	26	33	33	34	19	4	36	27	25	6	25	38	40	0	25	501
K555:	2	22	20	-17	33	28	9	3	-51	0	18	-10	6	-23	-35	-10	6	0	36	0	30	67
F556:	42	43	52	56	-30	44	44	34	43	36	30	31	45	33	41	17	40	33	45	0	35	714
N557:	20	27	8	30	35	12	-12	32	34	25	26	-71	41	7	27	11	-7	30	38	0	30	343
Y558:	59	62	74	73	11	72	70	50	73	47	67	73	73	65	73	48	70	49	43	0	-24	1128
N559:	-16	7	13	-23	13	-13	-49	-2	-16	6	5	-58	-4	-47	-10	-49	-45	-8	22	0	11	-263
S560:	2	27	21	-13	29	11	-9	22	-7	18	-3	-13	-26	-28	3	-66	-64	13	48	0	17	-18
K561:	-22	6	5	-12	20	8	-8	-19	-65	-20	-10	-28	-5	-15	-29	-31	-30	-7	40	0	34	-188
G562:	-25	14	8	-12	18	-19	2	9	-8	-1	-12	-6	-6	-34	0	-24	-21	-14	46	0	10	-75
P563:	-8	13	13	6	3	16	-25	0	-3	0	-2	-5	-26	-32	8	-15	-32	-2	22	0	-12	-81
S564:	-33	-3	0	-52	9	-18	-26	7	-39	-6	-7	-41	3	-47	-27	-80	-68	-26	40	0	-5	-419
Q565:	-49	-4	-59	-69	-11	-29	-68	-51	-53	-45	-63	-61	-42	-84	-45	-76	-68	-39	-3	0	-7	-926
Q566:	-31	4	-21	-34	-1	7	-55	-16	-26	-32	-18	-40	15	-68	-17	-44	-24	-22	3	0	-16	-436
N567:	-36	18	-3	-42	27	-32	-34	-6	-50	-9	-16	-72	-4	-68	-55	-59	-70	-24	30	0	23	-482
D568:	-9	19	-46	-38	15	-7	5	22	-24	20	-9	-9	18	-38	1	-38	-35	15	37	0	36	-65
T569:	-41	-4	-13	-43	0	-39	-28	-5	-39	-19	-19	-59	-15	-61	-20	-68	-83	-20	12	0	-25	-589
A570:	-40	1	15	9	-26	-8	-12	-23	-12	-28	-28	-28	13	-25	-22	-12	-5	-61	12	0	-37	-317
N571:	3	18	-22	-14	24	-15	-55	25	-14	18	11	-77	-4	-46	-28	-54	-28	22	28	0	5	-203
G572:	-7	21	1	14	29	-68	-4	13	-4	20	13	-39	33	-4	7	-42	-35	10	36	0	28	22
N573:	-33	-13	-30	-64	-12	-25	-64	-24	-58	-45	-34	-74	-31	-75	-49	-76	-60	-32	15	0	-26	-810
N574:	-19	4	-18	-43	8	-13	-16	-4	-43	-11	-8	-68	-15	-65	-30	-56	-56	-21	34	0	8	-432
D575:	-17	4	-60	-59	11	-24	-34	4	-33	1	-8	-56	-18	-50	-34	-53	-40	-5	37	0	1	-433
N576:	-32	-8	-28	-38	-27	-47	-50	-22	-42	-32	-48	-71	-33	-62	-36	-62	-61	-36	-5	0	-41	-781
N577:	-40	-27	-34	-30	-15	-40	-64	-30	-41	-26	-24	-76	-33	-49	-51	-78	-66	-30	-5	0	-26	-785
N578:	-36	-4	-35	-46	-3	-29	-41	-18	-61	-27	-20	-68	-5	-66	-31	-64	-53	-36	22	0	-26	-647
N579:	-15	6	-11	-54	8	-23	-25	-14	-34	-11	-7	-63	5	-61	-27	-67	-47	-20	32	0	25	-403
N580:	-40	-7	-11	-28	-39	-37	-61	-21	-34	-37	-22	-71	-29	-58	-30	-69	-75	-38	-28	0	-28	-763
N581:	-22	7	-26	-41	13	-28	-24	-14	-19	-4	-6	-58	-9	-42	-10	-54	-37	-6	38	0	29	-313
N582:	-23	6	-20	-30	2	-9	-41	2	-26	-9	-31	-58	-13	-58	-20	-40	-32	-5	14	0	0	-391
N583:	-18	0	-5	-41	11	-20	-24	2	-35	-7	-10	-56	-10	-46	-18	-51	-53	-4	31	0	7	-347
N584:	-18	9	14	-22	16	-19	-11	2	-12	0	-3	-49	-4	-34	-24	-54	-39	-19	22	0	12	-233
N585:	-9	8	9	-9	-18	-10	-32	-5	6	-16	-3	-43	2	-22	-15	-45	-29	-23	8	0	-27	-273
N586:	1	21	1	-15	24	-12	-38	4	-4	5	12	-68	18	-34	-3	-52	-34	6	50	0	20	-98
N587:	-25	-22	-31	-64	2	-30	-38	-23	-53	-20	-17	-70	-11	-59	-39	-73	-70	-17	26	0	22	-612
N588:	-36	-4	-45	-48	-19	-32	-38	-14	-64	-15	-21	-69	-28	-56	-52	-75	-62	-19	24	0	-9	-682
N589:	-19	13	-1	-31	-2	-38	-48	2	-19	-12	-5	-57	-12	-32	-13	-49	-29	-17	18	0	-7	-358
N590:	1	29	-12	-36	34	-1	-36	12	-21	3	4	-56	-4	-25	-13	-52	-25	9	42	0	36	-111
S591:	-37	-12	-45	-33	-7	-33	-39	-23	-47	-10	-17	-71	-35	-47	-40	-81	-68	-25	10	0	-2	-662
A592:	-77	5	-35	-64	14	-46	-41	-48	-73	-55	-52	-61	-65	-58	-47	-62	-64	-50	19	0	7	-853
S593:	-7	11	15	1	0	6	-18	2	-6	-7	7	-8	21	-17	-23	-45	-19	-6	28	0	-11	-76
G594:	-16	21	23	-8	23	-27	-15	4	-9	-8	-8	-2	-2	-24	-14	-34	-4	8	49	0	16	-27
I595:	20	16	25	19	-15	16	3	-51	4	-48	-25	-3	27	17	-10	-16	-22	-29	17	0	-31	-86
A596:	-61	-6	-14	-35	-21	-26	-9	-38	-24	-41	-26	-33	-22	-21	-16	-54	-31	-47	38	0	-12	-499
D597:	-12	36	-51	-36	37	2	14	12	4	-1	13	-6	20	-29	2	-35	-30	18	56	0	52	66
N598:	-13	26	-21	-41	33	-8	-14	7	-9	-5	-22	-61	-1	-55	-29	-49	-52	-9	41	0	11	-271
N599:	-33	17	-33	-34	25	-30	-41	-34	-68	-9	-15	-66	-20	-47	-34	-54	-64	-15	34	0	22	-499
N600:	-36	6	-15	-25	2	-12	-33	-3	-21	-25	-7	-65	0	-45	-41	-47	-60	-13	16	0	-22	-446
I601:	42	51	66	59	15	68	64	-47	69	-39	-2	60	46	59	67	49	29	6	59	0	50	771
P602:	-3	14	1	-8	-4	21	6	11	-24	2	1	-29	-40	-27	-10	-28	-23	9	42	0	39	-50
S603:	-31	-5	3	-16	6	13	-14	-9	-27	-15	-23	-42	-14	-29	-16	-72	-49	-16	35	0	12	-309
N604:	5	33	14	8	37	8	-8	28	-1	40	27	-69	-9	-17	16	-43	-8	27	46	0	36	170
D605:	8	21	-33	-46	15	21	10	13	13	13	14	4	35	-3	15	-20	-19	17	36	0	23	137
N606:	-22	16	-1	-18	-19	-7	-18	-20	-25	-13	-8	-53	-14	-31	-8	-52	-32	-9	23	0	4	-307
G607:	-1	37	21	0	46	-49	-4	27	-17	18	33	-13	9	-4	10	-31	-5	20	56	0	44	197
T608:	-35	-1	-21	-41	-17	-46	-30	-10	-53	-4	-34	-38	-10	-60	-40	-65	-79	-11	34	0	1	-560
T609:	-23	-6	-24	-25	5	-24	-44	-31	-33	-13	-40	-65	0	-56	-38	-71	-78	-22	30	0	-23	-581
F610:	2	2	30	12	-54	14	-31	-37	-5	-51	-28	-20	-6	-32	8	-27	-22	-28	-2	0	-31	-306
T611:	-34	-13	-35	-60	-24	-24	-29	-40	-51	-38	-30	-32	-37	-53	-28	-65	-74	-33	19	0	3	-678
L612:	-45	-18	-8	-43	-43	-45	-34	-64	-44	-74	-65	-42	-36	-47	-44	-60	-49	-63	-13	0	-45	-882
D613:	-24	-6	-76	-43	6	-26	-20	-17	-36	-10	-9	-67	-14	-28	-10	-61	-44	-11	32	0	-6	-470
K614:	-41	-24	-33	-49	-2	-19	-40	-48	-84	-36	-27	-53	-49	-63	-56	-52	-56	-28	25	0	19	-716
K615:	-19	-13	-3	-8	-13	-8	-50	-26	-60	-41	-29	-14	-14	-22	-43	-33	-33	-19	-13	0	-27	-488
K616:	-15	-4	28	7	-35	12	-34	-33	-57	-25	-28	-31	-5	-23	-54	-21	-29	-22	7	0	-30	-392
R617:	-28	-8	20	-12	10	17	-33	-20	-57	-26	-14	-7	-19	-31	-66	-49	-36	-35	27	0	27	-340
N618:	-30	2	-22	-31	-15	-19	-44	0	-14	-26	-25	-68	-36	-40	-23	-68	-55	-15	19	0	-6	-516
P619:	-34	22	-12	-39	19	-16	-15	-15	-29	2	-8	-45	-64	-46	-1	-34	-28	-2	29	0	26	-290
L620:	11	-11	21	17	-27	3	-9	-74	2	-72	-67	1	-27	-10	-22	-25	-49	-55	-7	0	-31	-431
T621:	-38	-9	-14	-22	-12	-17	-38	-7	-29	-30	-17	-34	-22	-49	-13	-57	-82	-24	3	0	-36	-547
K622:	-16	-2	0	-40	8	9	-52	-22	-82	-15	-16	-41	1	-57	-59	-33	-25	-13	35	0	1	-419
S623:	-20	9	2	-1	19	11	-4	14	-6	19	12	-43	1	-23	17	-80	-33	12	20	0	1	-73
K624:	-20	-8	9	-35	3	7	-26	-26	-68	-22	-18	-39	-21	-37	-43	-39	-35	-18	26	0	-2	-412
S625:	-33	-6	8	-17	-3	-8	-22	-2	-54	-21	-15	-53	-8	-23	-35	-69	-62	-12	32	0	4	-399
T626:	-17	22	4	-36	29	-2	-14	-29	-43	-12	-18	-45	-12	-51	-7	-51	-68	-6	32	0	29	-295
S627:	-10	1	9	-7	3	17	-26	-2	-54	-5	-8	-13	-13	-22	-39	-73	-56	-9	7	0	-24	-324
A628:	-79	-41	-46	-48	-55	-43	-57	-72	-63	-79	-69	-67	-48	-57	-52	-74	-69	-83	-38	0	-63	-1203
Y629:	25	0	27	34	11	21	2	8	22	-1	-4	-5	36	7	6	12	3	9	12	0	-28	197
L630:	5	23	24	5	12	6	28	0	2	-26	-6	18	27	4	19	-9	-12	-9	46	0	16	173
E631:	-23	-4	-18	-60	3	-3	-23	-10	-13	-14	-13	-27	29	-41	-24	-16	-16	-18	32	0	-13	-272
Y632:	20	22	51	34	-35	44	16	-4	31	-12	8	28	36	12	13	21	21	-3	15	0	-56	262
P633:	-25	2	-4	-7	0	0	-10	-1	-34	-3	-5	-16	-40	-44	-20	-38	-51	-3	4	0	-19	-314
L634:	10	34	44	37	14	26	17	-10	10	-47	-14	12	33	23	12	1	-5	-4	35	0	-4	224
N635:	-35	-10	-28	-43	-20	-30	-52	-31	-62	-32	-46	-68	-13	-64	-37	-56	-58	-40	9	0	-17	-733
E636:	-9	16	-28	-52	26	28	30	31	27	30	18	17	40	1	32	-18	22	14	33	0	25	283
E637:	-7	0	-29	-36	23	12	7	19	19	23	13	-17	47	-8	18	-17	-22	12	28	0	12	97
D638:	-27	7	-74	-47	20	-26	8	18	-26	9	7	-41	12	-48	-32	-48	-35	11	21	0	16	-275
S639:	-34	-23	7	-14	12	-19	-7	-13	-40	-8	2	-44	-33	-42	-43	-81	-71	-21	16	0	12	-444
S640:	-20	-18	-6	-28	-47	-6	-50	-26	-31	-54	-38	-52	-41	-33	-32	-82	-46	-50	-7	0	-41	-708
E641:	-32	11	-9	-75	-2	4	20	17	7	-17	-3	-7	-6	-45	4	-41	-12	16	19	0	20	-131
D642:	15	19	-73	1	32	2	22	19	32	30	8	-11	45	-15	35	10	1	27	30	0	32	261
E643:	-4	11	5	-72	20	-1	21	21	0	7	15	-7	37	-19	-3	-15	8	19	31	0	23	97
G644:	-38	9	-11	-2	8	-67	3	12	3	13	5	-15	-1	-33	-15	-39	-25	1	28	0	11	-153
S645:	-3	20	49	22	33	46	4	20	35	25	18	26	33	-47	23	-74	-43	23	40	0	35	285
M646:	5	26	52	47	36	42	51	8	51	14	-67	26	21	18	44	5	18	14	45	0	17	473
S647:	35	28	56	43	33	46	34	28	39	34	26	20	42	37	48	-71	9	35	46	0	38	606
I648:	46	36	62	61	9	65	63	-43	68	-39	-10	53	69	59	65	45	48	22	55	0	38	772
Y649:	53	49	66	65	42	64	61	49	70	49	55	64	69	46	60	55	56	46	41	0	-45	1015
S650:	-39	-26	5	-9	22	-7	-23	16	-2	-15	10	-27	-28	-28	-7	-80	-56	-14	33	0	24	-251
V651:	-34	-23	3	-2	-41	4	-32	-58	-1	-46	-62	-19	-21	-45	-9	-67	-63	-69	24	0	-39	-600
L652:	42	24	61	51	8	36	44	-19	45	-77	-13	43	47	1	39	35	20	-2	37	0	17	439
N653:	-19	19	-17	-27	1	-20	-59	-9	-23	-28	0	-83	-28	-57	-30	-48	-35	-17	16	0	-6	-470
D654:	-19	13	-77	-53	26	-41	-10	10	-6	27	19	-39	1	-23	32	-43	-51	16	30	0	17	-171
D655:	-24	1	-48	-48	-5	-6	-31	0	-29	6	-8	-23	-52	-40	-22	-56	-55	-4	40	0	-1	-405
H656:	2	12	26	28	-14	20	-59	-13	-4	-21	-31	-15	-7	-19	-11	-22	-14	-19	15	0	-23	-169
K657:	-32	-5	-5	-12	-10	11	-9	-25	-69	-25	-23	-37	9	-42	-40	-49	-25	-30	23	0	4	-391
T658:	-23	16	-8	-4	23	-20	-54	-5	-44	-23	-26	-57	-10	-58	-39	-78	-81	-18	32	0	-3	-480
D659:	-24	26	-51	-50	25	12	-6	7	-8	14	12	-25	3	-42	-1	-40	-25	-2	45	0	25	-105
N660:	-19	20	-9	-21	12	-18	-24	17	-10	8	14	-76	20	-24	-17	-40	-28	8	28	0	26	-133
P661:	-11	7	3	1	5	6	-16	-22	-14	-11	2	-30	-72	-36	-18	-30	-21	-10	19	0	-2	-250
I662:	28	29	37	39	-17	31	30	-60	35	-31	-8	28	39	23	39	1	14	0	29	0	-7	279
R663:	8	28	56	40	32	37	0	22	-16	-2	24	7	10	-4	-71	11	-2	1	44	0	9	234
S664:	-2	15	18	2	-9	9	-17	-10	-8	0	-4	-30	-5	-28	-10	-75	-39	-9	24	0	5	-173
M665:	-11	13	30	11	-10	42	15	-42	1	-45	-84	23	11	-12	36	-16	-33	-68	22	0	-9	-126
R666:	41	41	67	59	45	63	31	48	45	49	37	59	52	42	-46	45	45	42	44	0	52	861
N667:	-21	-1	-16	-23	12	-12	-17	12	-16	6	4	-77	-22	-45	-9	-57	-61	6	18	0	13	-306
S668:	3	3	35	26	33	32	19	25	7	24	23	-34	26	7	26	-74	-45	20	38	0	33	227
T669:	-2	7	9	-5	-23	-4	-28	2	-19	-3	-6	-24	-6	-27	-18	-46	-67	-19	12	0	-30	-297
K670:	18	28	56	51	42	34	25	19	-70	25	17	-7	44	25	-49	23	23	26	46	0	27	403
S671:	26	27	55	36	30	40	31	22	26	36	29	-3	35	27	32	-68	20	24	42	0	41	508
F672:	19	26	36	38	-36	23	-8	9	33	6	14	34	22	26	19	1	-2	3	26	0	-20	269
Q673:	11	23	7	-13	12	40	-1	14	30	4	-9	14	30	-77	27	19	21	14	27	0	4	197
R674:	34	30	64	55	42	55	37	29	44	36	18	41	59	43	-58	33	33	34	52	0	45	726
A675:	-64	23	49	59	28	41	39	8	53	18	28	47	43	19	39	21	26	18	43	0	10	548
Q676:	-4	26	29	-41	-6	28	-29	-9	-10	-18	-21	-10	3	-70	-6	-22	-5	-9	30	0	-16	-160
A677:	-71	21	42	47	15	36	27	3	42	10	9	17	35	18	40	4	11	-3	33	0	27	363
S678:	17	28	48	43	31	42	28	31	42	29	12	20	29	25	32	-77	8	32	45	0	42	507
L679:	42	34	58	58	4	39	50	-38	59	-77	1	40	38	46	45	34	26	11	41	0	11	522
Q680:	-8	18	27	3	5	26	-26	-10	-28	-18	-9	-1	-10	-74	-39	-22	-13	-9	26	0	-25	-187
R681:	18	3	52	35	35	43	24	21	21	19	4	31	33	18	-63	20	4	27	41	0	24	410
M682:	39	39	62	63	32	58	35	-29	60	6	-66	51	56	48	55	39	47	-1	48	0	38	680
R683:	41	43	68	69	49	69	52	42	13	53	45	60	64	28	-37	42	45	43	61	0	48	898
F684:	25	25	48	45	-27	38	2	1	34	7	1	31	38	13	26	2	13	-3	31	0	1	351
R685:	20	24	59	48	38	50	30	11	-8	29	6	37	44	16	-69	30	27	19	43	0	20	474
R686:	26	34	60	56	43	49	40	49	20	47	44	37	34	19	-47	19	28	44	60	0	44	706
K687:	16	18	54	43	24	34	18	4	-74	15	-1	35	27	-20	-40	22	-5	15	34	0	15	234
S688:	9	29	29	11	12	20	11	13	9	18	4	-1	35	14	5	-57	2	21	37	0	7	228
K689:	34	38	61	55	41	56	38	35	-52	43	30	47	56	12	-19	40	44	35	53	0	46	693
S690:	2	17	43	40	31	24	31	31	28	25	16	25	52	13	29	-72	-6	30	43	0	25	427
K691:	18	42	66	42	46	45	-1	21	-45	22	27	12	35	3	-39	14	29	21	61	0	36	455
H692:	4	23	23	22	21	19	-36	-4	4	14	9	-7	1	-10	-13	-41	-32	-1	47	0	5	48
F693:	12	19	16	12	-42	8	-1	-29	3	-7	-17	-11	9	-24	-12	-19	-13	-8	19	0	-23	-108
P694:	-14	10	32	29	15	19	-3	-3	6	-16	5	-18	-17	6	2	-26	-3	-8	30	0	2	48
N695:	-4	10	19	-20	28	14	-9	9	-1	15	-2	-30	19	-37	4	-26	-35	4	28	0	13	-1
N696:	-14	10	-21	-39	-13	-6	-23	-15	-30	-20	-10	-51	16	-47	-33	-38	-53	-9	36	0	-13	-373
S697:	-45	-27	-36	-44	-10	-36	-43	-28	-36	-24	-29	-64	-27	-37	-32	-76	-71	-36	10	0	-27	-718
K698:	-16	11	22	-7	10	34	-3	-3	-44	-13	-11	-10	39	-20	-17	-4	-29	2	29	0	-23	-53
S699:	-24	2	-20	-27	16	-16	-12	-8	-30	0	0	-45	-7	-41	-32	-73	-58	-1	35	0	13	-328
S700:	13	30	11	50	33	21	33	27	35	29	22	-43	35	15	23	-68	-23	34	46	0	29	352
I701:	19	26	47	27	2	9	50	-76	38	-50	-46	46	59	38	10	-2	-13	-45	39	0	-7	171
Y702:	18	26	39	32	-8	35	28	16	33	8	1	28	42	5	33	15	17	6	29	0	-36	367
R703:	14	40	49	58	41	33	5	32	-44	21	37	42	37	8	-51	9	15	15	63	0	53	477
D704:	-10	25	-48	-52	42	-15	26	6	15	39	8	-24	34	-30	-2	-24	-47	12	75	0	43	73
L705:	29	35	60	61	-20	42	42	4	52	-41	0	47	48	47	41	28	16	-19	47	0	-15	504
N706:	-2	17	-40	-23	12	-25	-16	15	-16	13	3	-83	22	-45	12	-74	-48	11	22	0	24	-221
F707:	23	23	45	55	-28	33	35	-28	50	-30	-12	30	41	23	48	17	11	-15	11	0	-18	314
L708:	57	38	71	73	16	75	73	-16	74	-65	-20	72	61	59	69	58	44	9	67	0	62	877
T709:	-29	31	24	6	46	-14	34	29	0	4	24	-44	25	-13	-14	-58	-75	11	52	0	42	81
N710:	2	18	23	18	21	-3	-73	24	6	3	14	-39	34	-39	-3	-25	-16	9	36	0	4	14
S711:	-11	21	6	27	38	6	28	16	-6	-15	17	-36	19	9	27	-81	-51	22	49	0	42	127
T712:	-39	5	-4	-4	32	-20	24	3	-19	-11	4	-29	-19	-46	-23	-76	-84	-20	36	0	12	-278
P713:	9	35	28	49	46	25	21	28	34	23	28	-40	-70	15	35	-20	2	35	49	0	33	365
N714:	3	26	-16	-17	-8	-18	-21	16	-25	5	22	-81	-6	-42	-22	-36	-29	22	34	0	11	-182
L715:	32	34	58	20	22	47	45	-26	54	-79	14	41	49	42	46	36	34	18	43	0	40	570
L716:	-5	1	31	25	-36	15	2	-61	2	-76	-47	6	-8	-11	3	-3	-24	-66	12	0	-40	-280
S717:	-1	-2	16	32	41	-14	29	37	-21	35	29	-19	-12	16	11	-84	-59	-3	52	0	44	127
V718:	9	47	69	63	38	60	66	-44	63	-36	45	61	31	53	57	47	1	-70	63	0	59	682
V719:	-29	36	17	22	0	-3	-22	-72	20	-51	-51	-11	-4	-21	-9	-23	-30	-82	46	0	-4	-271
S720:	-18	17	-53	-27	34	-37	-15	-8	-63	-12	-12	-64	-28	-52	-39	-83	-72	-20	31	0	12	-509
D721:	-2	38	-69	-42	54	-1	-27	56	-3	47	44	-66	25	-30	-15	-61	-13	44	62	0	56	97
D722:	-10	22	-67	-45	35	-8	30	26	-7	27	26	-21	30	-35	14	-35	-44	23	40	0	35	36
N723:	-33	-26	-27	-50	-11	-30	-38	-20	-35	-24	-19	-67	-19	-57	-34	-65	-57	-28	25	0	-4	-619
L724:	-10	3	2	-9	-19	7	-17	-23	-2	-50	-27	-18	-13	-35	-19	-33	-41	-29	16	0	-28	-345
Y725:	31	32	49	32	-17	46	17	21	44	7	26	37	51	8	38	25	24	21	25	0	-39	478
D726:	-15	10	-45	-38	13	-3	-12	-13	-18	-4	-10	-31	1	-27	-9	-52	-43	-4	44	0	15	-241
D727:	2	25	-17	-20	54	14	26	37	-4	24	7	-2	28	3	19	-18	-9	18	64	0	48	299
S728:	-38	-21	1	-49	-6	-13	-48	-35	-56	-39	-43	-49	-30	-64	-42	-73	-50	-41	23	0	-3	-676
S729:	4	-13	40	30	26	28	18	8	19	15	23	0	29	2	-10	-57	-53	6	47	0	41	203
P730:	-13	14	16	7	2	2	-7	6	-9	6	5	-31	-43	-24	-2	-35	-23	3	43	0	19	-64
L731:	-5	10	18	7	-14	19	-8	-24	3	-50	-30	4	5	-5	-6	-13	-5	-24	29	0	-37	-126
Q732:	-29	-7	-22	-40	-4	3	-56	-27	-41	-28	-29	-41	-22	-68	-26	-52	-52	-25	14	0	-22	-574
D733:	9	24	1	14	19	14	9	15	26	10	20	1	24	-3	26	-14	-1	12	37	0	2	245
K734:	0	17	17	1	30	24	4	5	-52	9	-7	-8	15	-2	-43	-16	1	5	48	0	17	65
A735:	-52	-20	11	-31	-6	-12	-23	-36	-21	-33	-19	-30	-18	-32	-32	-44	-41	-45	5	0	-15	-494
S736:	-18	23	19	11	35	4	16	35	-5	6	30	-27	-2	-31	-8	-72	-28	6	41	0	25	60
S737:	-16	11	7	3	-8	7	-14	-5	-36	-7	-19	-22	-16	-21	-22	-63	-46	-13	18	0	-2	-264
S738:	-25	-5	-28	-47	7	-25	-43	-4	-40	-19	-31	-68	-40	-49	-38	-74	-64	-22	22	0	4	-589
A739:	-37	-5	4	-13	2	0	0	-16	-20	-35	-13	-20	14	-30	-2	-29	-27	-14	33	0	-12	-220
A740:	-56	-11	-2	-21	-37	-26	-27	-26	-56	-28	-37	-38	-20	-36	-41	-54	-41	-49	-2	0	-34	-642
S741:	-21	15	0	-45	24	-4	-9	-16	-26	-3	-22	-30	-32	-21	-19	-71	-41	-11	34	0	21	-277
R742:	-17	6	15	-11	1	21	-13	-10	-36	-12	-20	-19	0	-25	-49	-24	-34	-19	39	0	4	-203
L743:	-10	13	17	7	-22	10	5	-27	7	-50	-21	2	0	-10	18	-24	-18	-29	20	0	-25	-137
T744:	-37	-11	-5	-17	-36	-31	-41	-37	-29	-21	-17	-38	-14	-54	-27	-52	-65	-23	-12	0	-59	-626
D745:	-26	3	-64	-43	0	-24	-31	-18	-37	5	0	-62	-21	-38	-22	-60	-59	-12	41	0	9	-459
R746:	-39	17	-13	-31	36	-9	-38	-24	-60	-18	-33	-46	4	-39	-66	-59	-39	-6	41	0	28	-394
K747:	4	16	10	-15	13	11	4	2	-57	2	5	-15	9	-16	-21	-22	-6	9	32	0	5	-30
F748:	24	18	12	24	-47	25	-7	5	34	-22	-8	1	14	-10	17	-15	-8	-13	9	0	-50	3
S749:	-43	-7	-43	-61	-5	-21	-38	-15	-61	-15	-11	-48	-41	-59	-50	-83	-60	-14	24	0	1	-650
N750:	-26	1	-13	-38	4	-43	-57	-12	-33	-14	-33	-77	-19	-55	-29	-64	-54	-22	32	0	-15	-567
S751:	-31	-12	-10	-37	-10	-21	-44	-20	-41	-25	-24	-41	-19	-50	-42	-69	-39	-31	30	0	6	-530
S752:	-37	-24	-37	-41	-26	-18	-46	-26	-38	-31	-32	-50	-12	-52	-35	-71	-55	-36	5	0	-22	-684
G753:	-29	3	9	-16	-4	-39	-26	1	-28	-12	-19	-21	-5	-32	-14	-42	-36	-19	18	0	-13	-324
S754:	-28	-4	-36	-54	-5	-7	-14	-10	-45	-16	-23	-45	-23	-49	-27	-70	-63	-11	31	0	-13	-512
N755:	-35	-3	-32	-45	-4	-35	-57	-8	-41	-22	-40	-67	-14	-56	-32	-65	-70	-22	-4	0	-6	-658
N756:	-37	-18	-37	-36	-36	-41	-51	-51	-44	-35	-45	-66	-37	-46	-37	-62	-68	-48	-10	0	-46	-851
N757:	-19	-15	-16	-21	-22	-18	-46	-16	-31	-18	-10	-56	-2	-38	-23	-52	-47	-26	24	0	-4	-456
S758:	-33	1	-19	-40	7	3	-15	-21	-37	-19	-29	-46	-25	-47	-12	-66	-63	-34	15	0	6	-474
N759:	-39	-1	-15	-51	-28	-23	-24	-24	-46	-26	-10	-61	0	-44	-20	-60	-49	-15	3	0	-10	-543
S760:	-35	-4	-32	-29	3	-22	-18	-13	-50	-19	-8	-31	-8	-55	-27	-69	-43	-16	33	0	-9	-452
N761:	-33	5	-29	-47	-21	-34	-31	-34	-48	-35	-35	-73	-21	-43	-36	-60	-57	-34	19	0	-6	-653
S762:	-23	3	-22	-35	0	-6	-17	7	-47	-11	-3	-45	-24	-47	-25	-67	-41	-20	16	0	-16	-423
N763:	-53	-29	-57	-70	-40	-64	-65	-53	-71	-57	-62	-83	-53	-75	-57	-77	-69	-48	-22	0	-58	-1163
I764:	-28	-12	-6	-15	-55	-30	-24	-76	-11	-78	-52	-27	-35	-29	-13	-45	-43	-70	-17	0	-50	-716
N765:	-21	4	-40	-31	5	-54	-53	-1	-36	-19	-10	-77	-26	-59	-47	-77	-60	-25	16	0	-5	-616
T766:	-59	-32	-5	-38	-8	-27	-23	-11	-35	-18	-45	-37	-19	-51	-28	-65	-79	-31	30	0	-3	-584
D767:	-35	9	-74	-58	12	-47	-27	-20	-31	-15	-48	-49	-16	-49	-33	-70	-55	-32	7	0	-9	-640
P768:	-37	-30	-21	-40	3	-27	-14	-20	-47	-28	-26	-46	-55	-55	-44	-60	-46	-23	14	0	-16	-618
W769:	-3	5	10	17	-32	12	-27	-33	13	-32	-37	13	10	-13	-1	-5	-19	-23	-61	0	-38	-244
K770:	-7	18	44	-5	15	10	-48	11	-73	-9	-2	-17	-1	-21	-75	-14	-21	-14	39	0	29	-141
R771:	14	3	59	37	17	54	29	-13	1	-5	10	47	26	8	-20	18	10	-20	52	0	19	346
I772:	23	27	36	30	-7	38	14	-64	10	-49	-27	22	24	3	24	-3	-10	-6	33	0	1	119
A773:	-2	45	44	44	41	41	60	0	28	6	41	22	37	18	33	-36	-7	-5	60	0	53	523
S774:	14	30	48	40	44	29	43	14	30	29	35	18	39	21	31	-46	-10	27	69	0	47	552
I775:	18	8	54	34	6	47	51	-69	15	-48	-38	42	26	29	51	-6	-11	-63	30	0	-10	166
S776:	-2	23	42	26	39	50	10	38	19	39	11	-26	49	6	30	-81	-45	25	34	0	42	329
G777:	-9	31	49	46	63	-9	63	46	52	41	52	35	40	34	48	-2	28	34	71	0	67	780
F778:	32	31	65	64	-23	55	53	5	69	-29	-25	54	62	49	61	48	24	-3	51	0	19	662
K779:	-13	9	21	-2	15	8	-50	-3	-86	-26	1	-18	5	-58	-82	-34	-28	-16	35	0	24	-298
L780:	-10	-15	7	-2	-10	-12	5	-35	-39	-50	-60	-4	-6	-5	-9	-41	-34	-28	37	0	4	-307
K781:	8	7	36	29	-23	18	-31	-10	-37	-13	-17	1	17	-17	-38	-5	-11	-14	28	0	-12	-84
K782:	-18	11	30	2	34	10	-41	-10	-79	-13	-31	-13	11	-7	-44	-14	-14	-12	41	0	21	-136
E783:	-22	-2	-29	-78	2	1	-5	3	-5	-14	-10	-22	4	-34	-14	-24	-22	3	20	0	4	-244
K784:	-51	-19	-26	-41	-28	-30	-40	-25	-84	-28	-29	-75	-38	-50	-68	-65	-53	-33	17	0	-19	-785
K785:	21	16	53	46	25	40	16	13	-72	25	13	25	37	19	-50	18	19	18	41	0	19	342
R786:	-19	3	13	-11	18	8	0	-25	-52	-6	-9	-37	-4	-28	-49	-48	-45	-26	40	0	19	-258
E787:	-13	2	-34	-82	6	2	0	3	1	-32	-2	-17	16	-45	-3	-1	-21	-3	15	0	3	-205
L788:	33	24	57	63	22	56	53	4	58	-85	-4	54	59	43	57	39	47	15	56	0	31	682
N789:	2	-23	14	6	-3	-4	-20	-3	11	-3	0	-87	17	0	15	-44	-17	-2	26	0	-2	-117
E790:	-40	-24	-60	-89	-17	15	-18	-9	-42	-3	-20	-54	15	-57	-45	-52	-59	-4	5	0	-3	-561
V791:	14	25	62	54	28	57	31	-77	47	14	-9	43	60	44	37	33	18	-91	20	0	38	448
S792:	-49	-45	-2	0	-22	-21	-30	-14	-11	-6	-37	-56	-21	-36	-11	-86	-67	-28	-8	0	-35	-585
L793:	-50	-40	-25	-52	-41	-42	-29	-47	-65	-65	-69	-38	-37	-58	-32	-64	-67	-57	21	0	-19	-876
L794:	-27	-13	-19	18	-60	1	7	-71	8	-93	-80	-2	5	-10	3	-5	-22	-70	8	0	-13	-435
H795:	27	32	55	48	41	44	-80	28	42	36	22	31	57	24	41	27	32	29	52	0	-3	585
M796:	29	9	57	61	28	50	47	-15	59	-45	-64	51	70	46	63	42	40	-4	58	0	47	629
H797:	-9	15	-22	-37	8	-8	-63	3	-18	-22	-7	-54	10	-47	-17	-32	-43	-34	32	0	5	-340
A798:	-78	-6	29	-2	24	-13	17	1	12	2	14	-11	34	1	6	-65	-11	-8	24	0	24	-6
L799:	27	20	52	51	10	41	31	-37	48	-81	-15	30	44	22	45	26	21	5	30	0	27	397
L800:	32	20	66	59	31	57	60	-21	66	-72	-44	61	60	55	63	51	39	-5	54	0	41	673
K801:	-24	9	-7	-29	36	-6	-19	-18	-85	-6	18	-36	26	-48	-75	-43	-43	-17	49	0	23	-295
Q802:	3	-15	45	19	-1	39	22	-9	45	20	-1	20	45	-89	47	5	0	8	31	0	15	249
L803:	-7	-32	50	47	17	41	37	-41	54	-46	-14	37	53	38	40	21	-3	-57	26	0	29	290
L804:	46	27	76	67	36	70	66	21	71	-72	-22	69	59	64	66	63	54	31	60	0	50	902
N805:	-73	-65	-63	-86	-52	-71	-82	-66	-87	-66	-76	-89	-63	-89	-83	-89	-89	-68	-10	0	-31	-1398
D806:	-1	13	-89	-8	18	26	12	19	25	28	30	22	51	7	16	-1	-13	12	9	0	39	215
Q807:	-51	-67	-47	-49	-8	-43	-81	-53	-35	-52	-26	-58	-22	-93	-60	-67	-64	-53	-7	0	-30	-966
E808:	-20	-12	-32	-73	22	-11	-14	-15	0	-20	4	-20	19	-51	-18	-27	-23	-9	34	0	21	-245
I809:	29	29	51	52	-48	59	40	-89	55	-69	4	45	63	39	32	27	25	-70	45	0	20	339
S810:	-67	-35	-65	-80	-19	-52	-76	-46	-83	-48	-67	-81	-75	-69	-59	-92	-85	-51	9	0	-13	-1154
N811:	-19	-5	-56	-28	6	-55	-61	-42	-45	-31	-7	-82	-4	-52	-33	-61	-63	-37	28	0	19	-628
L812:	-35	-5	3	-28	-6	-22	-4	-37	-23	-56	-46	-21	0	-29	6	-45	-49	-44	36	0	21	-384
Q813:	-29	-12	-30	-63	12	-13	-52	-25	-46	-19	-50	-38	15	-66	-34	-44	-35	-14	27	0	12	-504
E814:	-30	-10	-50	-78	5	-5	-31	-28	-45	-15	-26	-30	29	-52	-32	-62	-35	-21	36	0	-8	-488
W815:	65	38	78	74	56	74	75	60	78	66	60	76	87	74	77	67	72	56	-29	0	54	1258
I816:	-41	-28	-16	-56	-43	-41	-7	-67	-48	-76	-64	-49	-6	-50	-51	-57	-49	-56	31	0	-16	-790
T817:	-58	-44	-48	-78	-11	-54	-35	-47	-73	-31	-53	-75	-44	-69	-55	-81	-87	-44	20	0	1	-966
L818:	17	16	61	56	10	48	57	-60	29	-51	-19	49	70	53	65	46	-1	-51	58	0	52	505
L819:	23	22	71	67	-6	50	67	-58	73	-81	-36	49	58	59	70	38	39	-29	57	0	58	591
D820:	-48	-13	-59	-44	24	10	23	-13	-17	-5	5	-45	17	-21	11	-47	-42	-29	65	0	60	-168
G821:	-59	-52	-55	-72	-23	-79	-44	-63	-70	-41	-56	-76	-35	-81	-46	-87	-79	-49	38	0	28	-1001
A822:	-67	-44	15	4	-52	-13	-30	-75	-28	-81	-74	-43	-2	-30	-31	-32	-37	-77	3	0	-30	-724
L823:	41	21	65	71	48	69	66	-43	73	-85	-33	69	76	63	72	42	52	-5	63	0	59	784
R824:	-30	-16	-33	-22	-1	-3	-15	-25	-75	-42	-44	-38	13	-40	-81	-53	-44	-19	59	0	17	-492
K825:	24	23	35	15	48	29	33	38	-83	45	31	20	60	-47	-61	-31	16	43	60	0	48	346
V826:	-3	-1	59	55	21	30	42	-80	57	-12	37	45	47	47	54	15	31	-88	59	0	43	458
L827:	-21	-41	11	6	-16	14	4	-64	-33	-85	-50	-25	26	-52	-13	-10	-48	-52	12	0	-10	-447
R828:	-13	13	24	-23	34	21	3	3	-36	9	13	-48	44	-44	-46	-66	-41	12	60	0	20	-61
T829:	37	45	51	50	58	37	35	-38	65	25	38	28	68	48	67	19	-50	-29	64	0	-9	609
I830:	-28	-24	16	-37	-35	12	12	-79	-28	-66	-48	-1	25	-24	-5	-38	-56	-72	57	0	5	-414
L831:	7	-2	48	41	-26	45	33	-50	34	-90	-67	34	39	17	31	-20	6	-61	31	0	25	75
N832:	-43	-9	-84	-68	-7	-76	-68	-18	-61	-15	-13	-92	-57	-76	-69	-90	-72	-3	18	0	-39	-942
A833:	-95	-44	7	-6	-10	-80	-39	-90	-29	-41	-40	-31	-67	-13	-34	-78	-80	-88	-5	0	-12	-875
R834:	21	33	61	55	54	56	10	28	-63	37	35	39	62	21	-83	17	43	15	56	0	47	544
D835:	-37	12	-88	-82	19	-36	-55	-31	-69	-31	-52	-48	-5	-72	-55	-58	-64	-33	36	0	25	-724
L836:	-38	-33	-1	-10	-40	-37	-27	-61	-36	-71	-65	-24	-42	-36	-17	-67	-78	-52	28	0	-48	-755
N837:	15	9	-23	18	16	-35	-6	9	14	5	3	-88	28	-24	19	-42	-38	-5	18	0	16	-91
T838:	-34	17	-31	-6	35	-38	-28	-13	-1	-8	14	-49	5	-32	0	-75	-92	-33	43	0	34	-292
L839:	47	34	60	59	28	53	56	-27	56	-72	11	50	59	46	57	54	44	10	46	0	34	705
D840:	18	19	-85	9	35	37	36	24	39	24	30	17	58	19	47	14	3	18	44	0	25	431
F841:	42	26	63	63	-74	55	45	-35	66	-13	24	57	56	52	62	47	37	9	12	0	-57	537
R842:	11	19	64	57	22	52	5	12	-60	20	13	33	53	17	-87	16	10	9	32	0	36	334
Q843:	14	19	48	34	10	45	-17	7	20	14	15	5	33	-90	19	20	20	6	34	0	14	270
T844:	-43	-42	-39	-49	-54	-46	-70	-54	-51	-52	-59	-83	-56	-70	-63	-71	-88	-50	-22	0	-72	-1134
Y845:	64	50	77	78	40	75	50	66	81	50	59	64	87	73	79	69	72	65	77	0	-32	1244
V846:	60	51	84	82	68	73	53	-72	81	-13	61	78	84	77	79	74	69	-87	79	0	74	1055
K847:	24	26	71	62	49	41	-3	31	-87	37	33	46	43	41	33	19	27	30	57	0	48	628
I848:	39	38	75	70	44	71	50	-91	68	38	41	64	71	55	62	42	54	17	68	0	63	939
K849:	28	23	67	54	53	40	21	35	-87	43	9	56	54	19	27	36	34	33	59	0	50	654
R850:	48	46	88	81	62	66	67	66	20	64	61	75	82	67	-53	68	64	65	78	0	71	1186
I851:	50	44	78	79	60	60	59	-93	49	-31	-20	74	81	59	51	60	68	-52	70	0	64	810
S852:	-62	-35	-11	-41	-33	-36	-63	-41	-77	-48	-37	-60	-41	-58	-56	-90	-81	-53	-8	0	-28	-959
G853:	68	72	86	87	78	-60	79	83	85	85	82	87	89	82	88	57	65	81	90	0	88	1472
G854:	26	32	36	54	54	-87	25	49	27	49	43	-46	57	24	46	-36	39	38	63	0	58	551
S855:	-47	-32	-36	-51	9	-16	-23	-3	-67	-11	-8	-48	10	-52	-48	-89	-73	-30	55	0	12	-548
P856:	-21	0	43	43	25	35	0	-80	20	-27	-10	6	-49	16	25	-39	-48	-70	42	0	21	-68
Q857:	-14	0	1	-55	16	-2	-24	-26	-55	-28	-30	-13	-17	-66	-47	-45	-35	-11	17	0	15	-419
N858:	-40	22	-18	-42	34	-18	-37	-7	-23	-11	-22	-53	21	-69	-16	-61	-49	-13	48	0	36	-318
S859:	51	50	81	71	64	74	71	61	73	60	59	71	83	69	70	-76	-30	64	80	0	64	1110
E860:	-11	-5	2	-62	-4	20	10	15	-1	9	-12	-5	47	-36	19	-20	-12	3	52	0	-9	0
Y861:	34	20	67	45	-53	39	10	-29	47	-13	-23	29	74	0	24	14	10	-28	-20	0	-77	170
I862:	61	48	73	75	44	76	76	-83	74	-17	52	62	82	71	71	70	70	-55	72	0	68	990
D863:	35	35	-68	19	40	5	-15	63	52	64	56	-61	65	33	50	-14	48	61	64	0	45	577
G864:	75	79	89	84	86	-47	83	88	89	86	88	86	93	83	89	83	86	87	87	0	90	1584
V865:	43	36	75	69	44	67	63	-77	73	-11	-35	67	70	64	70	51	54	-61	66	0	47	775
V866:	57	57	86	83	5	80	81	-40	84	10	42	80	88	80	83	69	66	-74	82	0	70	1089
F867:	20	1	81	73	-79	67	70	5	77	-39	-3	72	81	63	74	55	62	25	33	0	-7	731
S868:	-27	10	42	29	23	-15	14	18	3	40	19	7	40	11	20	-94	-81	29	52	0	36	176
K869:	53	25	86	73	75	72	20	67	-80	66	48	70	85	39	62	61	47	62	80	0	61	1072
A870:	-87	-11	-33	-32	12	-76	4	15	-32	14	21	-76	-14	-65	-60	-83	-49	-55	41	0	25	-541
L871:	54	45	65	63	41	62	61	-37	67	-73	16	58	57	55	61	53	46	-15	57	0	49	785
P872:	-22	15	-30	6	31	5	2	17	6	17	5	-44	-80	1	11	-53	-42	13	33	0	31	-78
S873:	-36	6	37	24	13	5	-38	2	-13	-11	8	-41	33	0	-9	-72	-33	4	36	0	-2	-87
K874:	48	48	79	63	65	67	52	60	-83	58	47	60	59	52	-36	53	61	55	54	0	60	922
T875:	-32	-14	-22	-35	-1	-55	-35	-10	-58	-22	-40	-64	-9	-55	-49	-81	-84	-18	35	0	-29	-678
M876:	59	62	79	77	65	76	63	60	77	42	-69	75	79	60	76	70	75	34	75	0	66	1201
P877:	6	37	59	57	35	31	27	19	30	32	-23	42	-66	45	43	-12	4	29	51	0	40	486
R878:	45	44	73	67	65	72	55	59	22	57	52	68	69	53	-67	2	39	52	72	0	54	953
H879:	-6	-25	23	8	-35	-1	-70	-31	-11	-41	-25	-26	30	-15	-21	-60	-47	-29	14	0	-53	-421
L880:	50	45	75	73	13	70	65	-50	72	-71	-40	66	72	67	67	59	51	-51	68	0	46	747
K881:	-27	10	-3	-60	25	2	-33	-29	-70	-26	-22	-37	-1	-37	-46	-37	-46	-30	37	0	16	-414
N882:	31	29	47	49	27	46	12	28	47	19	7	-87	65	23	46	-11	23	26	60	0	45	532
P883:	10	23	66	34	38	52	39	23	46	17	2	38	-84	15	42	34	35	24	57	0	40	551
R884:	61	56	81	70	77	74	72	73	-23	72	71	70	80	51	-66	59	58	71	83	0	74	1164
I885:	47	-19	76	69	30	66	56	-92	72	33	14	60	81	65	64	54	59	-47	51	0	56	795
L886:	-16	27	71	67	59	60	70	-7	74	-78	-1	52	77	64	65	53	59	-28	72	0	69	809
L887:	49	32	74	70	55	67	77	20	80	-65	51	73	81	71	79	69	57	17	78	0	75	1110
I888:	30	17	80	72	43	46	71	-86	77	-69	20	72	81	57	68	53	50	-59	74	0	51	748
M889:	45	41	76	67	55	70	37	-21	72	-7	-87	70	62	70	68	63	57	30	76	0	65	909
F890:	47	12	72	61	-60	61	59	56	70	60	50	61	78	48	66	58	57	45	70	0	57	1028
P891:	30	40	69	63	34	61	48	52	58	56	47	62	-69	55	57	38	50	53	59	0	43	906
L892:	68	57	79	76	54	80	76	1	80	-54	51	74	80	68	78	71	72	17	75	0	70	1173
E893:	35	21	48	-75	49	62	33	43	58	51	21	49	84	37	63	46	46	48	48	0	48	815
Y894:	56	45	79	78	30	72	41	34	81	57	55	61	76	62	72	69	69	47	36	0	-76	1044
Q895:	-47	1	-36	-63	-49	-18	-83	-62	-65	-68	-67	-38	-39	-95	-48	-53	-69	-59	10	0	-42	-990
K896:	21	-2	52	39	29	42	3	11	-83	24	-2	24	39	6	-62	20	11	17	23	0	18	230
N897:	4	11	-34	-36	17	-37	-67	9	-41	15	3	-87	11	-68	-4	-68	-25	-3	23	0	17	-360
N898:	-50	-13	-42	-84	-6	-51	-38	-18	-75	-7	-35	-81	12	-80	-58	-72	-77	-27	11	0	-15	-806
N899:	4	13	-15	-46	20	-44	-24	15	-24	15	8	-87	16	-27	9	-57	-57	7	31	0	19	-224
H900:	-1	29	19	15	32	11	-86	29	-11	-1	24	-13	39	-42	-4	-31	-1	-7	43	0	-17	27
F901:	46	38	62	52	-61	57	41	14	52	16	22	50	60	44	53	51	39	13	50	0	33	732
L902:	17	8	47	48	18	40	39	-46	36	-83	-56	33	39	30	39	30	20	5	36	0	30	330
S903:	11	-2	34	23	14	24	-4	3	19	20	-3	17	30	5	22	-83	5	10	14	0	14	173
I904:	21	-6	46	42	4	36	27	-82	39	-82	-55	28	42	19	31	20	16	-46	11	0	22	133
E905:	-27	-20	-54	-85	0	-11	0	0	-33	-29	5	-31	28	-52	-33	-25	-38	-46	19	0	19	-413
S906:	-45	-29	-24	-28	-12	-21	-16	-46	-46	-23	-13	-59	-38	-49	-37	-88	-83	-39	13	0	-7	-690
V907:	35	-9	62	59	17	56	21	-54	60	26	13	53	65	42	58	47	42	-83	57	0	28	595
F908:	-5	-24	39	28	-60	21	-36	-43	19	-53	-41	-12	34	-19	13	-5	-11	-47	6	0	-69	-265
R909:	-52	0	47	45	35	16	3	14	15	11	-3	24	50	2	-43	-45	23	19	44	0	34	239
Q910:	-2	-25	32	23	0	26	6	-12	24	5	-25	11	35	-89	25	4	-1	-2	14	0	4	53
E911:	56	56	73	-56	77	74	66	75	81	75	68	70	90	22	80	70	72	70	81	0	73	1273
R912:	15	33	46	25	54	37	22	23	-31	24	14	2	47	-7	-64	-9	8	10	57	0	37	343
E913:	-20	-20	-40	-84	11	11	20	-2	-23	-3	6	5	36	-37	25	4	-32	-54	27	0	18	-152
Y914:	53	46	72	73	19	65	52	45	77	47	52	67	77	66	76	56	56	49	60	0	-49	1059
L915:	51	35	74	70	35	63	58	-31	73	-68	26	57	76	61	64	54	45	28	62	0	51	884
D916:	-43	6	-76	-67	38	-21	2	-26	-49	3	0	-55	30	-51	-37	-53	-66	-4	54	0	43	-372
K917:	4	-1	30	33	6	18	-17	-9	-90	3	-8	-58	34	-13	-57	-3	-4	-8	28	0	0	-112
L918:	33	4	55	54	19	51	34	11	46	-69	-3	43	62	35	44	36	25	13	25	0	21	539
V919:	18	-19	51	45	17	49	23	-68	46	26	26	46	40	32	42	33	29	-89	29	0	31	407
S920:	-49	-34	-34	-35	-3	-41	-5	-40	-42	-29	-9	-65	-39	-63	-7	-93	-89	-39	27	0	13	-676
R921:	50	47	78	70	67	66	49	55	46	61	37	67	80	56	-64	63	55	54	74	0	61	1072
L922:	52	34	78	73	49	78	68	-38	75	-75	37	71	83	68	74	69	60	-34	59	0	57	938
K923:	-40	-46	-15	-26	-16	-8	-51	-43	-85	-47	-41	-38	-20	-67	-70	-76	-83	-57	25	0	-10	-814
S924:	-58	-17	24	34	11	-24	9	17	19	21	6	10	45	16	28	-94	0	13	28	0	22	110
L925:	45	23	62	59	-24	63	31	-21	65	-88	-16	57	68	53	40	44	44	17	49	0	47	618
H926:	-20	28	12	-40	23	-8	-74	12	-34	7	21	-93	23	-44	-58	-37	-29	9	46	0	24	-232
P927:	-4	-14	70	61	42	59	44	48	27	53	36	57	-88	45	53	46	47	45	62	0	59	748
D928:	31	43	-83	46	57	26	30	61	68	65	61	32	74	12	65	-31	28	58	70	0	67	780
I929:	32	20	64	59	40	52	46	-86	60	20	27	54	70	43	54	26	33	-53	56	0	50	667
I930:	47	27	78	62	47	61	69	-87	76	14	31	68	70	52	66	48	45	-68	67	0	57	830
Y931:	49	29	61	60	-40	63	56	-9	68	-7	20	60	73	56	66	51	49	3	33	0	-27	714
V932:	59	39	85	75	67	80	77	61	83	74	75	72	88	73	80	71	35	-51	78	0	73	1294
G933:	17	55	68	54	71	-63	61	72	68	72	64	55	81	42	64	50	62	65	77	0	67	1102
A934:	-63	33	18	23	44	-8	50	46	9	-6	46	-17	37	-2	15	-32	-38	-17	60	0	59	257
N935:	56	49	59	49	59	39	58	64	65	65	58	-34	77	57	70	11	48	62	69	0	62	1043
V936:	43	43	83	81	74	82	81	-7	84	73	71	79	81	78	80	71	70	-70	84	0	77	1258
S937:	12	-14	60	57	65	28	35	70	67	75	67	55	40	53	56	-77	-6	59	78	0	65	845
G938:	16	45	63	62	67	-66	51	56	72	61	60	51	65	53	12	37	44	54	75	0	54	932
Y939:	45	28	61	62	-18	61	50	30	71	-2	31	55	70	52	64	53	55	27	46	0	-63	778
A940:	-76	38	73	71	58	54	41	36	63	60	34	51	72	53	61	44	36	42	74	0	69	954
L941:	21	6	74	24	-16	59	51	-12	68	-81	-58	64	78	36	62	51	43	-17	43	0	47	543
E942:	-12	24	-53	-76	41	3	-11	-6	-39	6	37	-14	52	-51	30	-22	-42	0	58	0	44	-31
L943:	14	7	44	27	-1	28	18	-37	26	-88	-23	38	39	30	43	10	14	-10	36	0	9	224
L944:	49	35	75	66	0	70	60	-5	72	-78	-43	74	80	57	70	59	54	29	67	0	62	853
N945:	-22	7	-16	-36	3	1	-13	-4	-25	-13	1	-68	9	-41	-13	-45	-43	-15	36	0	-5	-302
D946:	-3	39	-59	-75	54	17	5	50	-28	17	50	-9	48	-37	-11	-33	-9	16	63	0	56	151
S947:	-79	-14	33	12	0	-7	2	-46	18	-45	-2	-1	5	1	13	-75	-64	-68	38	0	25	-254
G948:	45	25	5	56	45	-76	39	43	53	65	33	-43	67	42	53	24	50	62	72	0	54	714
I949:	45	11	61	67	27	65	60	-83	65	-5	15	63	77	64	58	53	49	-33	64	0	43	766
V950:	13	13	43	49	17	39	32	-76	40	-40	25	22	49	13	24	14	-36	-86	47	0	43	245
V951:	38	24	71	68	65	62	71	-19	77	40	42	61	80	58	68	48	42	-84	77	0	70	959
Q952:	-1	30	25	12	9	8	36	-10	18	-6	-5	-26	12	-77	19	-22	-20	-2	58	0	48	106
F953:	-9	-51	17	25	-86	-10	-31	-50	1	-39	-69	-28	26	-48	-2	-60	-49	-35	-29	0	-76	-603
N954:	32	20	29	33	40	30	-9	51	46	48	41	-90	57	27	23	19	21	45	56	0	43	562
M955:	9	19	66	64	2	64	45	-61	63	-53	-84	47	67	53	61	35	-19	-70	61	0	43	412
K956:	32	30	54	47	31	44	21	22	-83	30	17	53	38	17	24	28	37	27	46	0	42	557
P957:	23	25	46	37	2	36	0	6	21	6	-8	37	-84	2	16	23	20	17	43	0	37	305
Q958:	1	-22	21	19	-18	15	-34	-6	10	-4	-30	-5	4	-92	5	-6	-10	4	-23	0	-11	-182
V959:	38	19	66	57	42	48	60	-26	61	28	21	54	63	47	56	48	42	-80	44	0	56	744
I960:	38	10	60	49	21	51	49	-81	56	-50	-29	43	52	39	50	40	40	-8	59	0	55	544
E961:	15	17	28	-76	33	37	25	33	43	37	32	29	57	23	46	15	38	30	51	0	29	542
R962:	25	13	48	38	41	43	29	32	23	39	26	27	57	21	-47	19	21	34	53	0	33	575
I963:	31	10	61	65	27	60	62	-88	57	22	1	48	73	56	53	45	27	-10	62	0	32	694
A964:	-64	23	58	55	59	25	58	45	58	46	38	39	67	47	53	-37	38	48	63	0	61	780
K965:	23	14	58	49	42	42	22	30	-73	33	31	32	64	24	-45	20	30	34	54	0	37	521
L966:	44	14	66	58	-47	59	51	-39	61	-80	-3	36	70	40	50	42	38	8	-10	0	-42	416
T967:	39	10	65	63	40	52	20	31	68	34	29	41	68	40	57	20	-89	40	44	0	51	723
E968:	-43	-32	-61	-89	3	-11	-1	-5	-42	-4	5	-52	53	-59	28	-53	-6	-12	17	0	22	-342
A969:	-86	-69	61	54	58	-27	41	42	51	55	24	46	73	32	47	-32	22	49	48	0	65	554
D970:	25	13	-80	41	45	7	20	41	51	58	52	-22	57	25	36	-47	5	40	61	0	48	476
I971:	56	23	81	73	39	75	74	-86	79	24	-1	74	74	69	77	61	64	14	64	0	61	995
A972:	-60	-18	55	29	7	0	52	-8	22	-13	-7	37	41	54	50	-16	-19	-34	67	0	6	245
I973:	4	12	53	53	-21	52	50	-74	47	-54	-28	57	50	6	51	47	-3	-49	37	0	20	310
S974:	25	6	31	37	51	50	34	47	38	54	25	28	66	36	39	-88	-56	44	61	0	52	580
V975:	38	32	74	71	40	71	73	-76	73	-30	-41	64	67	67	65	49	47	-81	66	0	64	733
D976:	4	-9	-88	-48	33	26	12	25	22	13	4	-59	61	3	19	-8	2	32	38	0	23	105
K977:	14	11	-12	5	25	41	-12	11	-87	6	-12	-15	52	0	8	8	19	8	38	0	25	133
L978:	54	48	75	67	35	70	66	13	74	-85	4	58	68	55	72	57	60	27	56	0	49	923
A979:	-90	-71	-21	-41	-73	-49	-59	-69	-53	-60	-73	-59	-24	-71	-45	-80	-69	-75	11	0	-56	-1127
T980:	-47	12	-42	-52	9	-48	-19	-31	-60	-27	6	-61	-27	-62	-34	-86	-94	-29	33	0	24	-635
N981:	25	20	-50	10	35	-35	8	16	-55	35	-7	-91	10	2	36	-63	-26	25	47	0	36	-22
I982:	10	-4	24	17	-45	-39	13	-95	7	-79	-70	17	12	-9	17	-24	-27	-92	12	0	3	-352
K983:	18	10	59	40	36	39	20	27	-68	25	19	33	57	18	-30	-6	20	7	39	0	19	382
M984:	63	60	78	81	61	77	62	31	79	-17	-72	72	85	68	77	68	69	51	73	0	64	1130
G985:	52	55	77	65	70	-65	64	65	68	60	63	73	82	65	77	48	63	52	73	0	73	1180
E986:	-18	15	-19	-79	22	5	-27	-2	-16	-13	-13	-15	46	-52	-21	-42	-64	-24	45	0	13	-259
C987:	27	-94	80	69	63	72	58	56	76	62	41	61	84	57	73	57	67	47	67	0	67	1090
E988:	-44	2	-74	-93	28	-56	2	12	-29	11	-18	8	54	-71	24	-44	3	9	32	0	-6	-250
T989:	-53	-24	-12	-51	-10	-11	-33	-13	-63	-16	-35	-62	15	-43	-52	-68	-76	-31	47	0	-1	-592
F990:	56	45	73	68	-79	70	68	29	72	48	23	64	77	65	72	66	56	24	63	0	38	998
E991:	15	22	40	-77	41	61	8	33	65	46	7	45	79	-9	50	46	49	41	51	0	17	630
V992:	31	31	69	57	49	59	61	7	65	47	13	55	67	46	60	55	53	-89	63	0	50	849
K993:	49	47	78	61	64	67	22	46	-72	62	52	41	78	-6	-51	39	58	51	71	0	43	800
S994:	-39	-16	23	19	-12	-2	-3	-18	-57	1	-9	-9	0	-21	-8	-85	-88	-7	22	0	9	-300
Y995:	63	57	78	76	-22	78	63	45	82	52	49	74	84	74	77	67	73	43	69	0	-52	1130
I996:	32	-50	59	57	14	41	17	-91	48	-65	-27	44	58	28	42	28	26	-70	42	0	36	269
Y997:	43	21	62	61	22	40	32	24	71	37	44	51	71	60	63	47	51	29	51	0	-69	811
G998:	-25	6	-26	-51	23	-80	-34	-26	-63	-28	-47	-69	-39	-77	-71	-40	-43	-36	35	0	-18	-709
N999:	19	25	-52	22	39	6	-34	32	29	31	28	-87	47	14	38	15	14	34	49	0	40	309
I1000:	46	32	71	66	37	67	45	-86	60	-47	31	64	68	50	44	52	43	-73	42	0	51	663
S1001:	-45	-33	-17	-20	21	-42	15	-31	-48	-35	9	-37	-38	-45	-38	-90	-76	-58	35	0	24	-549
K1002:	60	59	81	76	75	67	68	70	-62	69	53	76	87	71	54	72	72	68	80	0	74	1270
T1003:	24	26	52	45	42	46	12	39	37	39	29	-12	60	-3	47	-58	-91	22	46	0	25	427
Y1004:	66	38	80	80	13	75	74	55	83	60	63	70	85	70	77	66	72	60	56	0	-34	1209
T1005:	8	22	50	52	26	44	27	-10	48	21	5	26	50	28	45	-15	-81	16	41	0	42	445
F1006:	46	17	65	63	-56	54	41	31	59	40	38	52	70	44	43	48	53	38	43	0	32	821
L1007:	35	25	71	57	-8	63	52	-43	63	-78	24	47	65	47	54	39	33	16	54	0	34	650
R1008:	11	2	63	22	23	51	10	15	-38	21	23	41	41	6	-49	-8	-26	19	66	0	31	324
G1009:	27	32	38	48	42	-78	33	39	46	45	23	26	59	17	41	29	23	37	59	0	47	633
C1010:	29	-77	76	73	56	44	73	48	77	56	55	67	68	71	71	38	31	39	56	0	63	1014
N1011:	-33	8	-64	-58	6	-37	-45	2	-54	2	-14	-89	-48	-73	-41	-53	-70	3	26	0	8	-624
P1012:	-48	-3	11	-7	-10	-8	-13	-34	-43	-8	-31	-53	-72	-27	-41	-66	-75	-27	35	0	-27	-547
E1013:	-9	14	12	-54	44	35	42	11	1	14	45	16	54	-9	7	-38	-22	2	61	0	45	271
L1014:	15	38	72	62	-25	24	41	-30	64	-77	-44	61	63	47	60	0	8	-30	61	0	14	424
G1015:	50	56	72	70	69	-13	75	67	78	71	67	66	82	61	79	56	60	67	79	0	75	1287
G1016:	-36	11	29	23	-14	-39	-9	-16	17	-12	13	-18	33	0	4	-20	-18	-20	46	0	-36	-62
T1017:	62	65	79	76	72	71	77	74	78	77	58	66	85	75	82	51	-72	65	80	0	71	1292
I1018:	54	37	83	79	56	68	67	-74	76	-16	35	71	84	73	75	61	59	-8	80	0	68	1028
L1019:	20	13	82	78	46	78	67	-25	74	-67	-23	69	83	59	75	66	6	-40	67	0	63	791
L1020:	54	46	87	83	59	77	83	38	83	-61	47	78	84	74	80	66	79	26	81	0	79	1243
R1021:	80	77	95	90	82	85	80	84	76	84	82	85	93	85	-37	81	83	78	89	0	86	1558
G1022:	68	76	80	87	81	-63	77	84	88	83	84	76	87	81	85	70	76	78	90	0	84	1472
D1023:	-18	42	-47	-11	52	-18	25	28	2	12	21	-16	45	5	25	-32	-29	12	69	0	54	221
S1024:	15	54	3	-8	62	20	-12	24	-3	24	56	-47	36	6	38	-76	-50	19	78	0	71	310
L1025:	-65	-43	-39	-61	-38	-59	-37	-76	-43	-79	-78	-49	-21	-57	-59	-77	-75	-77	36	0	-40	-1037
E1026:	2	36	-16	-49	42	19	26	23	10	20	15	-10	62	-14	20	10	11	20	60	0	31	318
N1027:	5	14	27	17	9	-13	-1	-22	15	-13	-1	-23	19	-2	8	-30	-32	-39	52	0	14	4
L1028:	46	37	73	64	54	62	71	23	69	-73	17	64	79	55	63	60	56	23	66	0	57	966
R1029:	-30	-1	25	-10	30	4	-2	-3	-53	-31	-9	-48	8	-49	-79	-40	-34	-23	41	0	17	-287
K1030:	21	3	49	45	46	41	7	38	-83	31	14	36	54	19	-39	-33	20	27	53	0	44	393
I1031:	42	43	80	74	60	70	58	-80	79	-10	43	75	75	70	77	57	64	-69	57	0	50	915
K1032:	44	37	72	58	51	54	47	52	-88	48	45	53	66	41	56	46	27	42	68	0	49	868
Q1033:	-44	-44	-72	-73	-43	-57	-83	-50	-58	-54	-63	-74	-11	-84	-50	-60	-60	-54	-33	0	-70	-1137
V1034:	32	10	63	61	60	64	54	-52	66	5	36	59	74	55	60	50	1	-77	73	0	67	761
S1035:	-29	27	41	41	41	-4	7	58	45	62	35	-53	37	8	56	-81	-87	6	38	0	51	299
E1036:	38	35	49	-83	61	62	36	59	59	55	49	57	71	39	61	44	57	56	67	0	43	915
F1037:	41	31	71	62	-55	62	58	47	70	30	36	54	76	58	66	57	21	50	72	0	16	923
M1038:	51	39	72	62	58	66	63	7	77	-6	-77	69	84	50	76	66	67	8	75	0	58	965
V1039:	-7	-7	68	63	45	58	54	-48	70	9	30	59	73	48	58	37	20	-75	61	0	58	674
Y1040:	54	24	73	77	27	68	72	69	80	45	60	74	85	67	72	63	69	65	81	0	-28	1197
A1041:	-73	29	11	8	47	-45	24	-23	19	2	-7	-10	24	-5	8	-63	-46	-42	76	0	43	-23
I1042:	-17	-21	57	52	42	57	55	-66	63	-21	7	56	55	24	49	42	-3	-86	61	0	-36	370
F1043:	45	26	77	69	-80	58	40	38	71	-3	42	55	73	42	62	43	58	47	56	0	27	846
S1044:	-19	-32	10	48	38	-22	24	45	40	41	32	-46	-1	21	50	-93	-62	29	64	0	47	214
L1045:	4	-23	52	48	-7	38	33	-54	49	-93	-71	35	38	19	44	-38	13	-44	11	0	39	93
K1046:	19	4	68	55	35	53	39	31	-82	42	35	43	58	23	-49	21	32	30	61	0	45	563
L1047:	26	0	66	59	-60	52	52	-17	40	-94	-30	53	64	43	39	43	39	-20	36	0	30	421
E1048:	50	55	62	-79	64	74	53	74	78	74	57	67	89	46	78	63	62	70	69	0	71	1177
S1049:	-51	-22	-3	0	17	-22	4	-36	-34	-25	-3	-62	-17	-51	-27	-91	-78	-34	44	0	28	-463
S1050:	-12	-31	53	53	35	18	24	33	51	42	37	20	66	30	40	-85	-16	42	48	0	42	490
F1051:	45	26	69	68	-62	64	65	7	74	-19	35	60	64	60	71	60	53	34	33	0	-2	805
F1052:	55	43	82	77	-67	73	75	31	79	-1	17	69	75	59	74	60	58	22	36	0	44	961
N1053:	-3	4	-10	-42	13	-30	3	9	-27	11	11	-88	28	-46	-34	-54	-5	8	46	0	11	-195
D1054:	58	59	-65	68	76	65	61	69	80	79	68	26	84	70	78	58	64	70	85	0	78	1231
N1055:	20	12	4	25	19	26	-46	19	41	22	15	-84	44	-4	28	-10	6	20	45	0	23	225
F1056:	60	70	86	81	-26	79	78	73	88	62	79	79	84	84	84	79	84	75	85	0	59	1443
I1057:	36	-5	61	57	-1	55	46	-92	51	-87	-73	49	49	37	49	37	38	-58	50	0	36	335
Q1058:	-3	29	6	4	18	4	4	-12	-9	8	1	-45	31	-82	-21	-33	-14	-8	42	0	18	-62
L1059:	31	22	65	65	-9	66	64	-28	69	-66	-40	66	41	46	66	55	44	-12	55	0	48	648
S1060:	-22	13	-11	-23	45	-13	9	21	-31	33	4	-45	-41	-38	20	-87	-56	23	53	0	36	-110
T1061:	-23	3	22	10	1	11	11	-36	-5	-7	-1	-15	6	-24	12	-33	-64	-48	59	0	20	-101
D1062:	-9	43	-54	-70	62	-5	55	23	0	18	57	-13	29	-38	29	-40	-34	-5	71	0	66	185
V1063:	-29	-21	-8	11	-74	-37	-27	-75	4	-78	-46	-27	-14	-23	-38	-44	-52	-76	-17	0	-64	-735
Y1064:	28	47	33	18	12	47	36	31	34	22	55	1	35	27	51	17	26	23	61	0	-58	546
L1065:	6	33	59	25	6	53	38	-28	19	-59	-5	30	56	23	16	7	-7	-5	47	0	26	340
K1066:	-1	7	24	-17	44	15	2	11	-56	11	6	-4	10	-26	-10	-17	-10	2	45	0	44	80
R1067:	1	25	55	19	44	41	28	21	-30	26	17	9	29	8	-32	-29	-28	9	68	0	59	340
A1068:	-56	17	-11	-38	30	-46	-17	-54	-48	-52	-36	-25	5	-55	-39	-45	-32	-40	28	0	29	-485
E1069:	-30	29	11	-71	48	22	4	-22	-2	-13	-2	-32	26	-22	15	-20	-13	-15	58	0	47	18
S1070:	-32	29	-2	-35	21	13	-10	8	-51	-2	-5	-13	-23	-34	-25	-72	-48	-1	62	0	23	-197
K1071:	18	32	73	45	57	52	27	39	-68	43	39	-1	70	-17	-4	4	-4	40	63	0	53	561
K1072:	-12	31	12	-19	23	19	-10	-17	-79	-9	-4	-6	16	-42	-56	-28	-16	-4	53	0	16	-132
L1073:	-1	12	-8	-26	2	-22	22	-46	-29	-56	-31	-33	20	-6	7	-20	-42	-51	55	0	8	-245
Q1074:	-44	-24	-43	-68	-10	-26	-47	-33	-67	-42	-60	-43	-33	-85	-41	-73	-68	-28	9	0	14	-812
V1075:	-37	5	12	-31	6	3	1	-33	-53	-23	-23	-25	-14	-33	-39	-47	-55	-54	49	0	43	-348
F1076:	12	1	15	15	-54	29	4	-46	-5	-55	-16	-2	33	-36	4	-7	1	-21	8	0	-42	-162
E1077:	-45	-22	-35	-75	-14	-4	-3	-11	-35	-21	-7	-39	24	-58	-14	-50	-49	-38	46	0	36	-414
G1078:	28	32	31	48	49	-56	52	44	58	37	41	14	51	-11	61	-18	41	41	60	0	55	658
Y1079:	66	68	78	64	26	82	77	61	84	66	76	79	85	79	84	78	80	59	56	0	-11	1337
F1080:	68	55	82	79	-26	79	73	50	76	66	58	77	79	73	78	73	72	20	67	0	17	1216
A1081:	-58	38	72	65	61	30	61	57	15	57	59	56	76	49	67	-32	16	33	71	0	61	854
D1082:	51	70	-16	26	80	77	79	81	73	84	80	42	86	33	83	71	76	80	85	0	83	1324
F1083:	66	55	82	79	-30	79	73	53	80	64	46	77	83	73	78	74	72	60	72	0	13	1249
L1084:	61	43	80	71	47	75	75	-12	79	-48	0	67	81	69	74	68	66	-6	69	0	62	1021
I1085:	-12	38	19	-28	44	20	18	-48	-38	-21	-22	2	20	-34	-18	-22	-16	-16	52	0	29	-33
K1086:	18	38	36	5	55	18	6	45	-69	3	21	0	46	12	-6	3	6	18	61	0	50	366
F1087:	64	57	78	76	-47	74	56	45	80	63	56	64	76	58	77	69	62	59	67	0	3	1137
N1088:	29	26	-7	22	41	22	-36	28	35	43	25	-83	46	-20	7	-56	13	32	51	0	35	253
N1089:	-3	38	15	-20	50	8	7	22	-32	26	45	-43	22	-38	0	-31	-32	16	64	0	54	168
R1090:	66	58	89	84	77	83	69	74	59	73	62	82	79	68	-50	72	71	71	81	0	77	1345
I1091:	43	34	65	63	40	61	27	-86	-2	-28	-18	57	64	36	59	36	45	-41	55	0	47	557
L1092:	66	62	85	83	34	84	82	39	84	-65	56	80	82	79	81	76	74	48	78	0	69	1277
T1093:	39	40	68	63	60	58	56	51	68	58	47	58	49	55	71	-64	-65	52	62	0	61	887
V1094:	20	29	71	71	56	66	62	-32	57	43	42	67	73	60	68	37	-12	-84	70	0	61	825
S1095:	59	61	83	77	77	77	74	74	79	76	70	69	79	71	80	-80	60	73	84	0	78	1321
P1096:	4	46	72	69	64	67	59	56	67	59	43	66	-76	60	71	55	59	54	67	0	64	1026
T1097:	-12	34	71	66	45	60	49	19	70	44	45	64	54	49	68	-14	-75	7	61	0	50	755
V1098:	55	53	84	80	72	79	53	39	82	68	58	73	83	77	81	71	64	-87	81	0	75	1241
D1099:	-23	26	-60	-80	22	7	-31	-25	-38	7	-10	-23	20	-57	-10	-38	-32	-17	54	0	48	-260
F1100:	64	54	81	80	-69	79	73	54	80	34	53	76	81	62	78	72	67	7	70	0	0	1096
P1101:	27	38	59	48	52	54	46	30	2	47	15	52	-75	41	61	19	23	43	58	0	52	692
I1102:	9	28	66	38	7	64	63	-88	59	-84	-49	61	45	30	62	37	13	-70	59	0	55	405
P1103:	46	53	71	68	69	67	61	62	67	64	55	66	-75	59	73	54	61	59	72	0	67	1119
F1104:	40	35	74	69	-61	67	59	49	73	26	49	53	71	60	70	47	9	46	39	0	-25	850
L1105:	16	33	79	76	48	65	71	-3	77	-81	38	70	57	67	73	59	62	2	68	0	62	939
L1106:	63	52	87	82	69	85	85	50	85	-72	59	80	88	78	84	77	66	53	81	0	74	1326
E1107:	-31	3	-11	-71	17	14	-2	1	-32	-5	-27	-11	43	-23	-5	-23	-49	-32	41	0	6	-197
K1108:	25	14	65	18	44	47	21	33	-83	26	25	-47	62	-43	-80	12	22	28	53	0	39	281
A1109:	-69	37	74	67	62	26	59	49	67	38	37	60	73	62	65	-3	-27	30	69	0	55	831
R1110:	32	49	82	62	63	62	28	-9	-3	24	19	48	39	26	-78	37	34	7	69	0	60	651
G1111:	15	37	-2	-45	44	-44	-8	17	23	22	46	-19	19	-27	28	-12	-38	12	61	0	32	161
L1112:	20	25	68	66	-7	60	51	-16	64	-82	-54	60	49	46	59	-8	8	-18	49	0	20	460
E1113:	35	56	56	-51	55	79	43	70	64	72	66	75	88	47	81	71	73	68	72	0	11	1131
K1114:	-34	-3	2	-21	8	17	-11	5	-80	2	-2	-13	25	-42	-65	-44	-25	0	53	0	32	-196
K1115:	-11	29	25	-2	43	24	3	12	-72	12	8	-20	32	-31	-56	-27	-21	-2	55	0	32	33
L1116:	50	34	69	66	-16	64	60	13	65	-61	10	62	57	56	67	52	55	10	44	0	33	790
I1117:	5	6	42	37	-30	24	-2	-46	39	-38	-16	25	43	26	1	-18	7	-33	30	0	-36	66
E1118:	-15	14	-44	-60	26	17	-8	10	5	8	4	-23	38	-41	7	-8	-13	5	38	0	14	-26
R1119:	-1	2	48	29	2	35	7	7	-38	-16	-12	1	31	0	-38	1	1	6	44	0	12	121
I1120:	-8	4	31	32	-26	32	19	-48	2	-38	-14	8	38	17	3	-13	11	-10	23	0	-17	46
N1121:	-35	-35	-41	-55	-2	-32	-44	-38	-65	-27	-50	-70	-22	-71	-58	-74	-58	-34	8	0	5	-798
Q1122:	-21	-3	-1	-51	-1	4	-36	-24	-42	-39	-19	-31	-2	-77	-34	-32	-20	-19	5	0	-7	-450
Y1123:	6	14	7	5	-28	26	-22	-19	-13	-8	-3	-21	27	-20	-13	-8	0	-7	-9	0	-56	-142
E1124:	-13	5	-31	-61	14	13	2	7	-25	10	2	-24	20	-32	-4	-17	-15	0	30	0	11	-108
S1125:	-32	-18	-14	-38	10	-24	-33	-16	-62	-30	-27	-43	-17	-59	-53	-75	-49	-21	13	0	11	-577
E1126:	-39	-25	-47	-76	-18	-15	-37	-41	-35	-38	-28	-33	-3	-61	-37	-48	-35	-41	11	0	-31	-677
S1127:	-58	-46	-39	-66	-31	-37	-56	-55	-81	-58	-54	-65	-64	-75	-72	-87	-82	-60	-5	0	-34	-1125
D1128:	-34	2	-84	-51	15	-31	-25	-16	-41	-16	-3	-63	-12	-62	-23	-57	-69	-26	6	0	5	-585
L1129:	-25	-12	-24	-38	-33	-29	-9	-40	-37	-77	-57	-41	-17	-33	-17	-68	-52	-43	11	0	-28	-669
D1130:	-47	-24	-79	-80	-13	-40	-34	-23	-50	-24	-29	-57	-18	-55	-35	-67	-55	-27	7	0	-14	-764
R1131:	-18	-21	22	-29	10	1	-10	-9	-53	-21	-15	-12	0	-47	-63	-42	-17	-9	29	0	6	-298
Q1132:	-41	-13	-35	-62	16	2	-38	-46	-54	-43	-46	-23	-7	-81	-27	-75	-44	-41	15	0	10	-633
T1133:	-36	-2	-30	-48	-12	-35	-25	-12	-40	-26	-8	-34	-1	-36	-15	-75	-82	-26	14	0	-28	-557
Q1134:	-17	12	-24	-39	15	10	-1	3	-28	-9	-7	-29	24	-67	-1	-30	-13	3	38	0	9	-151
L1135:	25	27	45	20	32	55	47	-3	1	-26	-3	23	56	20	36	21	27	-10	69	0	36	498
N1136:	-15	-1	-31	-52	6	-15	-25	-1	-51	0	-3	-64	-14	-63	-33	-44	-39	-9	41	0	12	-401
M1137:	13	27	34	33	0	33	22	8	25	-26	-49	10	45	16	36	-16	4	4	36	0	-15	240
L1138:	8	27	49	29	14	43	38	-12	26	-33	-11	40	41	-8	39	5	-22	-9	41	0	-8	297
Q1139:	-37	-7	-19	-35	-8	-7	-57	-17	-59	-19	-27	-60	3	-72	-52	-52	-36	-13	27	0	-16	-563
G1140:	-23	1	-1	-34	10	-53	-6	-14	-24	-7	-25	-25	-2	-32	1	-37	-27	-17	41	0	5	-269
L1141:	39	30	56	51	2	53	50	-50	56	-68	-32	41	39	38	51	41	38	-20	35	0	30	480
E1142:	-26	7	-29	-77	28	0	-23	9	-1	-12	-2	-38	-12	-24	-10	-33	-14	-28	33	0	25	-227
S1143:	-25	4	-26	-37	20	-13	-32	-12	-38	-32	-19	-44	-30	-64	-23	-89	-62	-20	25	0	-8	-525
T1144:	-46	-23	-51	-53	-10	-52	-41	-29	-77	-37	-38	-70	-51	-75	-41	-70	-85	-32	24	0	-19	-876
I1145:	-2	8	20	33	-2	0	7	-83	22	-90	-41	-5	11	-8	24	1	6	-11	6	0	-2	-106
T1146:	-60	-8	-63	-40	6	-66	-26	-1	-61	1	-32	-61	-64	-75	-63	-83	-95	-42	10	0	1	-822
K1147:	-20	14	36	6	26	19	-3	16	-73	1	-21	1	2	-14	-35	-27	-16	7	44	0	22	-15
K1148:	-17	20	25	11	42	23	23	1	-83	1	-19	1	-9	-41	-62	-34	-13	-10	49	0	38	-54
H1149:	27	29	-8	22	38	41	-34	37	41	37	32	33	57	16	46	28	35	31	44	0	33	585
L1150:	56	48	76	74	16	72	72	-4	74	-55	-23	68	76	64	65	63	55	-5	62	0	29	883
G1151:	-31	-8	23	2	2	-28	-5	-21	-38	-22	-14	-11	18	-46	-17	-30	-20	-14	47	0	4	-209
N1152:	16	18	0	-13	30	-3	5	28	-8	28	41	-71	13	-8	-10	-15	-2	21	64	0	13	147
L1153:	61	46	83	81	49	80	78	-18	83	-46	41	79	84	75	82	66	74	-6	71	0	59	1122
I1154:	-34	-13	33	7	-23	13	-3	-89	-11	-86	-47	1	30	-12	-32	-40	-44	-79	17	0	-33	-445
K1155:	19	38	74	44	56	34	7	49	-78	51	42	24	66	16	-39	36	29	48	65	0	53	634
F1156:	50	25	80	77	-56	77	58	59	76	66	57	73	79	72	78	59	64	62	65	0	-1	1120
L1157:	-5	38	72	67	43	62	61	-84	66	-64	-3	61	64	56	63	29	-4	-67	57	0	48	560
H1158:	-5	10	32	20	17	21	-79	-13	-15	5	-12	-14	24	-13	-32	-43	-9	3	48	0	1	-54
E1159:	6	54	-23	-69	71	22	30	43	42	44	62	4	64	22	53	7	33	38	76	0	68	647
M1160:	-7	-11	35	21	-30	10	14	-9	-24	-11	-61	11	20	-26	-5	-19	-6	-25	33	0	-4	-94
E1161:	45	50	36	-61	68	61	40	68	71	72	59	26	82	53	76	58	56	66	74	0	53	1053
I1162:	34	0	68	65	35	63	60	-80	67	-60	20	41	69	50	63	41	21	-25	54	0	34	620
E1163:	-40	-19	-65	-88	16	-15	5	11	-53	9	0	-62	50	-70	-43	-36	-47	6	23	0	8	-410
N1164:	-39	-22	-37	-36	-13	-44	-40	-34	-60	-34	-32	-78	-3	-48	-52	-56	-48	-45	31	0	-33	-723
L1165:	19	33	68	64	33	46	60	9	64	-83	0	60	62	55	63	37	44	4	48	0	41	727
E1166:	-35	-21	-27	-89	-12	-20	-15	-30	-72	-56	-29	-31	-9	-54	-32	-32	-67	-49	0	0	-22	-702
L1167:	-15	2	8	18	-35	2	1	-30	15	-65	-40	-17	13	4	16	-32	-39	-21	1	0	-29	-243
E1168:	-26	-3	-33	-90	15	28	-36	-2	-30	12	2	-19	47	-89	-41	-30	-53	-13	19	0	5	-337
F1169:	22	8	37	37	-86	37	-20	-5	29	1	2	23	29	12	32	12	21	8	-29	0	-61	109
Q1170:	-19	-5	-18	-45	3	29	-45	-20	-48	-9	-30	-37	27	-94	-43	-46	-35	-17	2	0	-2	-452
K1171:	3	25	47	30	36	33	3	6	-57	0	22	1	31	7	-36	-2	-8	6	21	0	19	187
R1172:	36	41	74	67	51	65	24	46	11	30	37	51	61	21	-69	52	50	46	58	0	51	803
S1173:	-64	-26	19	-25	21	-20	10	-4	-55	-7	9	-21	-12	-31	-55	-84	-44	-28	30	0	4	-383
R1174:	48	46	77	70	57	66	41	51	-1	53	39	64	64	50	-77	45	51	52	62	0	40	898
Q1175:	5	41	46	25	22	46	-16	-27	-17	-10	-1	23	40	-85	-24	17	-2	-1	47	0	7	136
W1176:	69	60	80	79	57	78	77	66	81	67	62	74	75	74	81	74	74	66	-48	0	58	1304
E1177:	35	42	45	-56	65	71	58	64	79	65	56	61	83	62	79	23	52	60	71	0	62	1077
V1178:	-25	14	53	50	-11	44	37	-70	47	-81	-43	-9	46	12	40	29	-39	-87	32	0	28	67
S1179:	11	12	53	43	8	27	22	32	43	23	19	22	56	27	44	-56	-7	26	42	0	11	458
Y1180:	48	39	73	70	16	65	62	28	74	31	19	65	71	62	70	47	55	18	43	0	-26	930
S1181:	-10	39	71	62	54	47	45	52	37	52	45	55	70	39	40	-72	44	41	63	0	56	830
S1182:	11	10	49	35	3	3	2	14	20	-36	9	-15	42	-14	16	-32	4	-6	34	0	-2	147
S1183:	-1	37	45	18	54	32	37	55	9	33	40	-35	-9	2	54	-78	-48	20	61	0	-24	302
Q1184:	2	24	23	19	41	32	-57	-12	-39	-7	11	17	18	-63	-42	-37	-7	-6	44	0	8	-31
N1185:	53	55	21	47	61	29	57	64	50	67	57	-54	73	55	62	14	49	63	68	0	12	903
L1186:	51	37	72	68	10	69	66	-21	73	-79	-68	67	47	-13	69	52	47	-5	57	0	52	651
L1187:	67	59	82	76	40	80	76	46	82	-57	22	78	80	75	81	72	74	53	69	0	52	1207
G1188:	26	55	44	53	69	-43	37	67	58	62	61	10	57	36	51	-16	32	40	78	0	27	804
T1189:	41	59	84	81	78	79	75	71	84	76	68	55	45	74	86	27	-73	70	80	0	77	1237
G1190:	11	42	54	42	47	-58	54	2	50	30	52	22	45	54	66	-30	24	5	67	0	54	633
S1191:	-27	8	33	32	-9	26	40	15	19	10	33	-40	38	12	8	-79	-47	-2	55	0	22	147
H1192:	79	76	91	88	82	86	-55	85	92	85	82	85	94	85	90	84	80	84	88	0	81	1562
Q1193:	53	61	82	76	72	78	75	73	17	71	63	76	86	-88	29	72	75	67	75	0	66	1179
S1194:	16	-4	32	30	60	32	46	33	6	42	51	-45	56	-9	18	-81	-40	29	70	0	59	401
I1195:	59	38	85	82	57	80	78	-91	83	21	43	80	85	75	80	72	67	28	75	0	68	1165
T1196:	-37	14	30	18	37	5	-30	-6	16	3	19	-4	7	-6	22	-64	-86	-34	49	0	7	-40
V1197:	56	52	84	81	19	79	80	0	86	32	69	70	87	80	84	73	69	-75	85	0	75	1186
L1198:	63	55	88	85	72	85	86	55	88	-66	63	84	89	80	86	76	74	54	79	0	79	1375
Y1199:	70	61	84	83	55	81	33	76	89	71	78	75	90	83	87	80	81	71	81	0	-19	1410
S1200:	72	70	89	86	86	84	84	85	88	87	82	81	91	82	83	-43	76	84	89	0	85	1541
M1201:	36	47	81	80	64	76	77	11	81	19	-70	78	78	71	78	56	-2	-18	69	0	63	975
V1202:	57	50	82	79	56	75	73	-37	80	63	52	75	83	68	54	68	56	-79	75	0	68	1098
S1203:	40	5	76	67	63	69	53	59	72	52	50	26	78	58	66	-78	48	59	71	0	64	998
T1204:	-9	38	47	27	26	22	8	-41	-38	12	-10	9	35	-4	-3	-37	-84	-11	40	0	21	48
K1205:	31	41	73	69	58	63	47	35	-74	47	41	46	71	19	1	50	33	48	57	0	56	812
T1206:	4	10	47	22	-12	30	-36	17	27	8	6	13	44	11	31	-33	-83	7	26	0	-36	103
A1207:	-75	32	65	64	56	42	53	43	56	48	7	37	59	44	55	-54	-4	28	61	0	55	672
T1208:	50	59	81	76	70	73	70	46	76	59	52	68	81	70	78	56	-65	50	74	0	67	1191
P1209:	55	59	75	72	61	69	63	57	68	62	53	64	-61	61	70	57	60	58	70	0	68	1141
C1210:	65	-80	89	88	84	88	86	81	88	82	79	85	90	86	88	77	79	81	87	0	85	1508
V1211:	30	29	60	45	28	60	60	-87	62	-40	42	55	65	51	41	-22	16	-73	58	0	51	531
G1212:	54	57	73	74	76	-81	75	75	80	74	71	71	79	60	76	56	68	73	80	0	81	1272
P1213:	51	64	80	76	71	73	64	66	75	59	59	70	-74	67	78	60	68	66	77	0	73	1223
Q1214:	1	36	11	-17	46	53	37	49	41	51	34	40	72	-71	57	-8	48	42	44	0	41	607
I1215:	46	48	83	78	39	82	80	-70	84	-55	19	71	85	74	74	71	24	-1	75	0	73	980
V1216:	49	33	77	72	29	70	65	-44	68	-26	-15	70	77	62	53	59	18	-85	69	0	62	763
T1217:	16	34	65	68	61	47	52	34	73	57	45	-19	75	58	50	-12	-75	-10	68	0	59	746
I1218:	70	58	90	88	72	87	87	-73	90	62	41	87	91	83	88	75	81	50	85	0	79	1391
D1219:	66	70	-47	63	82	74	83	83	83	85	82	79	89	76	85	68	74	82	86	0	85	1448
Y1220:	81	74	90	91	36	88	86	83	93	86	87	90	93	89	92	84	88	80	86	0	-4	1593
F1221:	79	72	92	89	-34	88	85	79	91	83	80	88	92	84	90	81	85	78	80	0	41	1523
W1222:	66	68	87	85	61	83	83	78	89	79	73	77	91	76	87	60	43	72	-32	0	62	1388
D1223:	52	52	-73	-35	54	71	63	71	75	71	66	65	78	42	74	39	60	68	68	0	67	1028
S1224:	18	45	22	59	58	56	36	63	64	61	54	-44	69	45	50	-74	-22	61	59	0	52	732
D1225:	83	83	-29	84	90	89	91	91	94	90	90	91	92	88	93	87	81	90	93	0	92	1663
I1226:	52	24	73	66	44	67	65	-87	5	-18	24	64	72	51	52	43	55	-46	58	0	42	706
S1227:	23	8	58	63	50	37	63	58	71	61	49	60	55	62	72	-45	26	57	69	0	63	960
I1228:	70	55	82	87	60	87	87	-68	90	-13	21	86	91	84	84	82	83	-13	74	0	81	1210
G1229:	75	79	90	86	90	-56	90	87	93	88	87	88	89	85	91	78	82	86	92	0	91	1591
Q1230:	8	32	45	15	23	37	53	-9	33	-34	-4	52	74	-85	29	10	13	-3	60	0	44	393
F1231:	59	48	82	70	-62	73	71	61	76	68	54	66	84	59	79	68	69	60	67	0	24	1176
I1232:	42	18	59	49	38	65	60	-95	68	-76	24	62	74	31	65	34	21	-50	64	0	57	610
E1233:	29	33	-26	-79	62	63	58	57	74	63	45	63	74	49	71	49	51	55	69	0	61	921
N1234:	19	18	-29	22	41	26	18	36	36	28	17	-91	55	-61	42	11	13	35	54	0	39	329
V1235:	22	9	55	54	5	49	40	-82	57	-32	5	34	59	45	53	34	33	-89	38	0	34	423
V1236:	38	38	67	50	-12	61	60	-31	68	6	39	59	68	58	65	51	37	-81	49	0	49	739
G1237:	-14	38	45	35	60	-3	18	17	34	19	43	19	47	-9	11	-25	17	-1	64	0	61	476
T1238:	-42	3	-11	-23	33	27	8	26	37	35	13	-39	52	-16	31	-63	-94	22	39	0	33	71
A1239:	-83	23	66	62	18	27	43	35	52	38	28	37	56	32	26	-51	37	2	54	0	43	545
R1240:	-28	2	59	42	-3	30	-17	-3	-13	-25	-2	-17	35	5	-41	-18	-15	-23	27	0	-20	-25
Y1241:	42	47	71	67	27	66	51	37	67	32	49	44	75	58	66	40	47	24	49	0	-23	936
P1242:	12	18	32	35	23	34	-16	7	-22	11	21	9	-63	-5	-27	13	-31	7	42	0	20	120
C1243:	63	-70	82	78	75	83	80	78	79	73	75	73	87	73	81	73	72	68	83	0	79	1385
Q1244:	-29	-7	8	-36	15	20	-11	-11	-20	-6	-38	-14	23	-66	-3	-52	-29	-16	49	0	37	-186
Q1245:	13	40	-13	-8	51	53	-10	51	36	44	41	31	68	-78	64	55	46	47	56	0	46	633
G1246:	28	51	68	55	61	-63	59	61	68	63	58	38	55	47	68	8	49	58	71	0	66	969
C1247:	66	-82	87	86	80	85	83	75	86	78	76	83	88	84	85	79	73	72	84	0	82	1450
N1248:	-10	14	-46	-45	25	-82	4	22	-25	16	13	-85	29	2	22	-45	-30	19	34	0	25	-143
G1249:	39	40	-5	67	63	-76	51	57	67	63	54	-36	74	54	64	-43	-3	42	70	0	66	708
L1250:	-8	10	54	23	-32	-4	-24	-58	-40	-93	-66	-14	22	-33	-40	-50	-64	-54	30	0	-31	-472
Y1251:	59	51	78	76	35	72	67	32	78	-28	-12	72	79	70	75	68	68	50	42	0	-9	1023
L1252:	37	0	67	49	-39	60	-17	-60	66	-84	-50	59	69	53	58	39	48	-17	48	0	37	423
D1253:	20	28	-80	11	43	44	39	47	45	51	46	-30	66	30	49	25	34	45	55	0	50	618
H1254:	70	70	88	87	77	81	-85	68	90	77	75	80	92	80	83	77	79	76	84	0	78	1427
Y1255:	59	45	80	77	29	73	47	52	87	70	69	76	87	77	85	63	71	47	72	0	-55	1211
R1256:	74	72	93	87	85	87	77	83	23	81	75	84	91	64	-55	79	78	81	89	0	80	1428
S1257:	38	32	65	56	56	52	51	52	61	58	47	33	66	22	55	-81	-39	48	66	0	50	788
Y1258:	84	81	95	94	68	91	91	85	96	87	90	94	96	94	95	92	92	83	89	0	-5	1692
V1259:	53	67	87	84	75	85	83	57	87	69	68	84	89	82	86	78	70	-67	84	0	78	1399
H1260:	81	78	94	92	83	90	-61	85	93	80	83	89	95	87	91	86	88	85	89	0	85	1593
G1261:	49	54	75	74	75	-76	70	72	71	74	65	63	83	42	72	51	66	69	80	0	79	1208
S1262:	-6	17	-1	-20	43	3	17	40	-34	46	32	-65	61	11	41	-86	-66	27	57	0	20	137
G1263:	-31	51	59	56	71	-73	66	35	45	39	40	34	55	54	75	6	16	5	80	0	75	758
K1264:	60	55	86	84	77	79	66	71	-65	77	67	77	85	45	48	67	67	69	83	0	71	1269
V1265:	61	53	84	81	68	81	79	-26	84	-30	43	79	85	77	81	74	70	-71	81	0	78	1132
D1266:	57	58	-62	66	71	73	47	73	79	76	72	56	81	64	79	48	43	70	77	0	74	1202
V1267:	34	28	74	70	34	66	68	-1	73	26	9	65	75	65	71	59	55	-88	67	0	61	911
L1268:	44	35	64	66	36	65	61	-19	65	-60	-18	61	74	57	66	52	52	22	58	0	50	831
I1269:	41	28	76	69	47	70	70	-89	74	-29	-13	70	78	63	72	48	32	-59	64	0	56	768
E1270:	50	47	67	-79	69	72	62	68	71	70	59	69	88	24	64	61	67	64	74	0	64	1131
K1271:	29	25	54	52	49	51	22	39	-85	36	24	41	25	27	-66	34	35	37	51	0	43	523
F1272:	52	38	69	69	-73	66	56	34	60	-16	34	62	71	56	64	59	53	40	33	0	-47	780
Q1273:	-4	-4	-46	-62	-17	26	-46	-4	13	1	-44	-39	23	-94	17	-5	6	-6	-2	0	-37	-324
T1274:	-20	-20	-2	12	9	-3	-20	-22	4	5	-12	-75	-4	-19	15	-80	-94	-7	14	0	3	-316
R1275:	5	18	71	42	52	36	-1	39	-59	-8	37	6	-38	-22	-78	-9	-5	-15	58	0	50	179
L1276:	46	26	51	56	-37	54	50	-31	49	-85	-60	49	36	46	46	22	26	18	43	0	34	439
P1277:	-18	9	-30	42	-3	0	16	-2	25	-7	-18	-54	-90	13	28	-13	16	10	23	0	19	-34
K1278:	-12	14	22	-11	32	13	-31	-13	-91	-15	-26	-21	-22	-60	-57	-22	-17	-16	37	0	29	-267
L1279:	26	34	60	18	-5	39	49	-26	55	-85	-54	51	53	42	33	47	45	-11	44	0	7	422
K1280:	4	27	59	12	45	51	3	-7	-81	4	29	14	55	-40	-61	9	0	35	52	0	25	235
D1281:	38	39	-81	7	61	16	51	64	68	67	60	-68	73	33	65	6	47	61	70	0	66	743
I1282:	4	25	70	66	6	60	58	-79	38	-29	-19	60	69	12	58	35	-9	-28	56	0	50	503
I1283:	60	50	82	78	41	72	76	-78	79	5	26	75	84	72	31	69	69	1	75	0	71	1038
L1284:	67	55	86	84	30	83	84	38	82	-36	58	82	89	79	84	74	70	23	76	0	72	1280
T1285:	49	46	71	71	58	65	62	43	79	60	25	64	79	62	78	0	-63	54	71	0	64	1038
W1286:	88	84	95	93	89	93	89	91	95	92	92	92	97	92	95	91	93	90	7	0	86	1744
S1287:	50	43	64	68	70	64	58	62	77	72	64	48	81	65	72	-86	28	66	80	0	71	1117
Y1288:	39	-17	78	79	13	73	71	32	80	41	65	71	84	73	73	60	59	21	21	0	-69	947
C1289:	79	-77	95	94	92	94	93	90	95	92	90	93	96	93	94	91	90	88	93	0	92	1667
K1290:	64	63	87	79	76	77	66	71	-75	65	61	77	83	59	48	66	69	70	81	0	74	1261
K1291:	12	40	55	-2	54	45	0	-34	-85	2	35	26	45	-34	-26	14	12	-22	60	0	53	250
C1292:	65	-82	87	85	75	84	73	75	86	79	73	81	88	83	84	78	74	71	81	0	77	1417
G1293:	30	39	-1	59	54	-78	46	53	41	53	45	-49	53	38	37	-35	45	49	64	0	57	600
T1294:	-40	-28	5	-45	-29	-26	-47	-25	-41	-31	-56	-46	-13	-52	-27	-75	-92	-43	-20	0	-54	-785
S1295:	33	38	67	57	48	59	36	52	56	53	22	43	64	42	56	-83	-47	42	61	0	29	728
T1296:	51	52	72	70	70	67	66	65	72	68	56	64	63	63	76	-48	-81	61	72	0	70	1049
P1297:	-18	13	49	37	33	40	24	25	18	28	14	32	-89	-11	28	-9	7	23	37	0	33	314
I1298:	49	33	76	67	29	62	67	-86	72	-3	30	69	57	62	64	59	-8	-37	62	0	52	776
L1299:	36	21	72	64	10	62	58	-54	62	-82	-58	59	69	32	58	47	-46	-31	52	0	42	473
Q1300:	-13	19	54	25	30	49	30	21	2	15	17	47	41	-77	23	8	-20	16	38	0	26	351
I1301:	53	28	77	75	41	73	70	-70	73	-57	-79	69	75	62	70	60	59	-28	58	0	54	763
S1302:	8	44	75	66	66	65	53	64	59	73	55	-32	79	54	66	-90	-9	62	77	0	67	902
E1303:	-17	29	-75	-88	59	56	55	55	23	58	46	54	61	-46	70	27	46	49	65	0	57	584
K1304:	32	34	58	-1	53	52	-40	46	-81	49	24	36	69	-5	-25	14	40	45	53	0	49	502
T1305:	51	59	78	75	72	69	70	65	79	70	62	69	74	69	79	6	-83	60	75	0	71	1170
W1306:	72	57	86	83	41	81	80	70	87	59	72	81	89	80	78	68	81	68	-53	0	11	1291
N1307:	9	4	28	14	46	5	30	48	-2	51	40	-75	65	35	37	-12	6	46	61	0	-10	426
H1308:	49	58	82	82	40	72	-7	38	84	50	70	71	88	69	81	39	49	46	75	0	-14	1122
S1309:	64	63	82	79	77	77	60	76	80	81	74	73	86	72	80	-84	59	76	86	0	77	1338
F1310:	58	44	87	83	-60	79	82	15	88	-11	20	73	89	80	86	76	75	17	75	0	50	1106
G1311:	56	73	88	89	87	-74	88	85	92	87	86	84	87	89	91	77	82	83	91	0	90	1531
K1312:	39	40	73	69	62	57	48	58	-86	60	50	55	74	46	32	46	47	55	70	0	56	951
Y1313:	65	53	85	84	-11	80	76	58	89	73	75	83	91	82	88	79	78	63	75	0	-62	1304
L1314:	57	39	85	80	34	80	78	40	83	-84	38	80	86	74	81	72	71	39	72	0	68	1173
E1315:	70	69	77	-46	81	85	83	80	86	77	77	83	91	76	88	79	81	79	85	0	80	1481
V1316:	22	-1	63	60	40	51	52	-53	65	-39	22	54	70	55	62	40	27	-83	68	0	56	631
M1317:	24	-30	77	76	42	63	70	21	79	6	-63	63	85	69	73	51	54	28	69	0	59	916
F1318:	61	52	86	81	-39	79	80	65	86	69	62	82	89	78	84	76	75	66	76	0	44	1352
W1319:	73	76	87	90	78	75	86	84	93	87	84	81	87	88	92	79	89	82	-15	0	65	1561
S1320:	-9	45	74	67	70	24	61	67	71	60	58	-30	80	66	73	-90	-25	65	79	0	71	877
Y1321:	14	15	35	-38	15	22	21	18	-41	27	23	-4	45	-15	-22	-39	-25	13	66	0	-29	101
K1322:	-1	47	38	-10	64	20	-32	22	-79	20	6	-45	13	-11	-46	-27	-4	15	72	0	50	112
D1323:	-15	45	-47	-36	34	9	24	-2	3	7	4	-1	45	-37	17	-21	-23	-8	67	0	66	131
S1324:	-60	-30	8	-23	-6	-37	-64	-21	-72	-25	-26	-44	-10	-46	-53	-90	-77	-51	41	0	-10	-696
V1325:	23	22	70	67	42	51	46	-64	62	-78	22	56	49	55	54	32	46	-90	57	0	52	574
T1326:	-29	-6	-18	-64	17	-15	-35	-23	-67	-7	-19	-65	17	-52	-55	-71	-85	-17	60	0	52	-482
G1327:	-21	38	-17	6	58	-70	5	22	16	24	50	-39	23	-32	4	-47	-48	13	69	0	63	117
I1328:	65	56	80	78	68	77	78	-67	81	60	58	75	83	63	79	55	68	3	72	0	64	1196
G1329:	35	61	77	78	72	-38	77	62	78	66	66	73	82	72	78	2	68	68	83	0	81	1241
K1330:	-6	12	3	-10	34	-10	13	-5	-61	-1	7	-13	43	10	1	-29	-1	-10	63	0	32	72
C1331:	76	-59	92	92	88	91	91	88	91	88	88	90	93	90	92	85	88	84	91	0	91	1630
P1332:	-23	10	12	-39	19	-3	5	1	-41	-13	-6	-51	-45	-54	-22	-51	-55	-14	58	0	21	-291
H1333:	85	87	95	94	91	93	-41	90	95	92	89	92	96	90	95	91	93	88	94	0	91	1700
D1334:	59	55	-71	33	74	75	72	76	81	78	74	55	82	67	80	45	63	76	82	0	79	1235
F1335:	70	58	89	86	-37	83	81	57	88	42	70	84	89	82	87	80	78	39	84	0	43	1353
T1336:	-14	2	35	26	13	5	47	15	34	17	27	-25	33	-15	5	-50	-89	5	57	0	2	130
K1337:	56	56	88	85	78	75	63	76	-82	77	69	78	80	64	37	69	70	75	87	0	78	1279
D1338:	43	41	-79	-16	65	64	59	67	74	71	65	45	79	-30	73	32	54	66	74	0	70	917
H1339:	66	61	87	82	62	80	-69	76	88	80	76	80	91	76	86	75	79	76	82	0	63	1397
V1340:	52	34	81	77	59	76	73	-77	70	-34	56	74	84	75	78	64	62	-91	78	0	69	960
K1341:	74	68	92	87	81	84	61	81	-58	83	75	85	93	78	5	79	79	80	89	0	80	1396
Y1342:	76	38	91	90	54	88	83	79	94	83	85	89	95	90	93	87	87	77	86	0	-30	1535
F1343:	81	74	94	92	-43	90	90	79	93	80	83	91	94	90	92	89	88	80	86	0	57	1580
G1344:	12	66	74	70	80	-48	82	79	73	79	77	40	78	79	64	9	54	60	86	0	83	1197
Y1345:	75	66	90	89	-15	85	83	52	88	29	79	87	93	88	90	84	83	72	62	0	-50	1330
N1346:	40	38	-9	45	61	-24	29	56	-51	45	42	-93	69	-10	18	-30	25	53	67	0	59	430
D1347:	73	73	-70	38	82	71	79	83	86	85	82	61	89	78	85	72	76	76	87	0	85	1391
L1348:	28	33	75	70	6	48	66	-23	52	-74	-55	68	55	61	69	-7	14	-38	57	0	54	559
V1349:	32	51	82	78	79	78	81	23	84	77	38	79	85	79	75	72	54	-73	85	0	83	1242
V1350:	-4	21	74	68	54	63	65	-66	72	-41	44	67	75	62	69	52	44	-89	71	0	64	765
R1351:	72	65	90	86	83	83	80	80	71	80	76	81	89	77	-49	69	67	78	87	0	81	1446
L1352:	41	17	71	64	17	59	57	-52	68	-64	-94	62	71	52	65	37	45	-44	49	0	44	565
E1353:	27	20	41	-87	36	56	-3	38	54	35	31	42	74	-3	36	37	43	39	48	0	37	601
Y1354:	66	36	82	83	52	78	75	66	86	70	73	71	85	79	84	75	78	57	68	0	-59	1305
S1355:	20	24	17	21	25	45	32	41	46	46	34	32	45	18	51	-93	6	41	48	0	44	543
D1356:	-14	26	-73	-41	48	5	7	51	14	55	49	-11	30	4	27	-34	-46	47	60	0	55	259
L1357:	46	31	73	70	43	70	68	-60	74	-82	12	67	74	62	71	61	51	-47	64	0	51	799
E1358:	11	10	-68	-79	34	50	32	17	53	35	21	14	46	-22	35	34	15	24	45	0	35	342
V1359:	38	22	69	66	22	63	61	-69	66	3	11	41	63	56	66	51	-37	-90	59	0	46	607
H1360:	41	49	77	72	14	69	-73	54	79	10	49	68	84	60	74	61	63	21	58	0	-31	899
E1361:	78	78	62	-14	88	83	86	88	91	89	85	88	94	85	92	83	85	86	90	0	87	1604
L1362:	45	39	80	75	49	77	75	-13	81	-72	28	77	79	69	79	67	62	-20	71	0	64	1012
I1363:	53	38	76	75	55	73	68	-83	77	-5	42	58	78	65	72	59	51	-71	68	0	59	908
T1364:	11	35	69	60	55	54	50	23	62	50	32	56	65	48	67	36	-78	-10	63	0	54	802
P1365:	49	57	82	77	70	74	64	66	74	66	55	74	-77	65	78	51	65	66	76	0	72	1204
P1366:	-25	3	28	-9	23	6	0	11	-58	0	-12	-2	-39	-34	-43	-33	-17	4	62	0	24	-111
R1367:	-12	29	55	37	54	21	6	17	-50	17	8	16	1	-32	-72	5	-37	13	61	0	30	167
K1368:	39	41	79	50	61	67	28	56	-77	57	42	53	77	-23	-60	55	14	48	70	0	58	735
I1369:	61	34	78	76	50	73	73	-83	75	-56	28	71	76	68	73	62	43	-34	67	0	64	899
K1370:	-7	14	38	-10	43	38	16	20	-64	20	16	23	51	9	-2	-7	-29	13	69	0	62	313
W1371:	78	68	89	87	39	84	85	62	89	73	75	83	91	84	88	82	85	70	-20	0	41	1433
K1372:	-3	44	15	9	32	36	-2	-30	-87	-20	-3	-7	44	-7	-28	-2	-8	-17	74	0	34	74
P1373:	15	38	70	62	50	58	49	41	59	46	38	38	-63	50	62	22	39	17	56	0	50	797
H1374:	25	19	-45	10	19	19	-57	18	29	20	43	-57	42	-3	33	-22	-9	17	60	0	13	174
I1375:	26	29	64	57	-4	51	41	-56	18	-52	-15	5	54	36	28	21	11	-24	42	0	28	360
D1376:	61	63	-73	61	72	67	76	77	80	79	72	71	83	62	78	65	64	76	81	0	79	1294
I1377:	48	28	73	67	42	68	62	-88	69	7	6	66	71	54	65	56	54	22	56	0	52	878
K1378:	21	15	46	33	34	38	20	-6	-87	30	21	14	49	19	-53	17	25	11	38	0	32	317
L1379:	38	12	65	61	20	56	15	-3	64	-86	-61	56	66	46	60	47	41	-10	38	0	37	562
K1380:	31	23	56	45	38	45	24	27	-92	29	24	36	52	6	-4	28	31	26	47	0	36	508
V1381:	3	-11	46	34	13	29	21	-91	32	-70	-26	3	45	19	26	15	8	-95	30	0	-12	19
E1382:	23	20	13	-86	45	48	39	42	38	47	33	12	67	28	57	18	35	40	52	0	42	613
L1383:	-25	-13	46	47	3	28	30	-41	36	-87	-12	3	12	17	18	-51	-61	-49	24	0	10	-65
Y1384:	49	43	70	70	-15	63	57	52	69	55	50	65	79	67	69	60	60	46	51	0	-58	1002
Y1385:	-7	6	-4	19	10	11	-36	15	0	-28	24	-60	14	-31	24	-11	-20	13	37	0	-87	-111
K1386:	5	24	26	11	29	16	-4	8	-67	5	4	-27	29	-59	-56	-24	-22	5	44	0	17	-36
I1387:	31	9	57	52	-7	51	43	-94	55	-60	-31	48	58	38	50	33	17	-56	41	0	17	352
L1388:	23	10	57	38	18	50	35	-62	37	-89	-44	46	59	-33	31	34	36	-34	44	0	29	285
E1389:	-12	14	-80	-63	41	43	10	39	26	42	25	35	70	-44	40	15	-44	36	50	0	36	279
K1390:	44	41	78	68	60	61	47	56	-89	57	46	60	74	47	-5	38	48	55	71	0	59	916
I1391:	-18	7	63	58	31	43	51	-95	59	-62	-41	51	62	46	56	-30	0	-41	36	0	42	318
N1392:	-5	7	-36	5	34	-18	7	27	35	38	22	-90	51	11	26	-44	-58	23	50	0	34	119
N1393:	-49	-41	-18	-58	-13	-44	-40	-20	-70	-45	-27	-81	3	-51	-62	-66	-67	-41	13	0	-24	-801
F1394:	46	19	73	68	-81	64	61	36	72	24	18	64	74	58	68	56	56	30	39	0	34	879
Y1395:	59	28	79	80	-11	75	68	52	84	64	44	78	86	77	81	72	61	53	59	0	-63	1126
G1396:	-62	-34	-65	-75	-13	-76	-61	-29	-66	-40	-35	-81	-10	-80	-34	-80	-69	-49	43	0	-12	-928
S1397:	23	27	48	41	48	41	39	46	48	49	37	-14	66	37	51	-93	11	44	58	0	47	654
V1398:	44	39	67	69	55	69	69	-59	74	44	36	69	77	68	72	59	55	-88	67	0	66	952
L1399:	-16	-27	33	-8	-63	14	-17	-49	-29	-76	-66	6	36	-41	-36	-56	-21	-36	18	0	-54	-488
S1400:	-66	-28	-89	-77	-8	-61	-64	-40	-79	-39	-24	-96	-34	-83	-72	-95	-77	-47	4	0	-8	-1083
R1401:	52	54	83	77	67	77	57	53	53	69	59	72	81	60	-73	63	62	64	77	0	69	1176
L1402:	62	51	81	78	57	77	76	28	79	-76	45	76	81	72	77	62	66	41	74	0	63	1170
E1403:	-55	-44	-79	-89	-32	-35	-54	-41	-73	-53	-46	-82	-16	-77	-70	-62	-67	-54	0	0	-53	-1082
R1404:	23	18	56	39	46	15	31	38	-4	39	32	12	60	5	-78	16	32	34	53	0	44	511
I1405:	55	46	75	73	48	71	69	-80	61	-36	-23	67	73	58	69	60	58	-69	58	0	53	786
K1406:	22	15	51	35	35	43	-24	24	-87	16	16	6	48	12	-11	12	25	17	38	0	28	321
L1407:	28	27	56	54	12	51	48	-50	54	-75	5	48	36	42	51	41	35	-38	31	0	20	476
D1408:	31	31	-75	2	45	42	41	45	47	46	38	17	58	29	44	21	16	40	49	0	47	614
S1409:	-5	19	15	14	32	-8	5	5	1	10	20	-30	18	-11	6	-78	-65	-5	30	0	31	4
M1410:	39	24	61	56	-57	57	40	-55	56	-55	-82	49	50	36	52	40	34	-32	31	0	21	365
T1411:	-29	-7	-27	-48	7	-19	-18	-22	-41	-5	-28	-34	-7	-43	-12	-73	-79	-30	35	0	-1	-481
K1412:	-32	14	-7	-33	27	0	-17	-13	-78	-18	-23	-13	-32	-32	-33	-43	-27	-11	36	0	30	-305
D1413:	-30	-23	-83	-78	6	-46	-14	-2	-51	-23	-7	-60	-15	-64	-28	-45	-47	-1	8	0	4	-599
K1414:	13	5	46	21	23	34	-1	10	-85	-32	-5	18	34	-32	-65	15	2	10	27	0	20	58
V1415:	-46	11	50	13	-54	-17	-1	-71	-15	-78	-60	1	4	-22	-5	-32	-28	-79	28	0	-24	-425
L1416:	-45	-25	-28	-44	-48	-18	-20	-41	-58	-72	-65	-36	-13	-52	-21	-51	-54	-38	12	0	-33	-750
S1417:	-76	-45	-64	-80	-26	-36	-50	-40	-73	-55	-45	-67	-37	-64	-53	-89	-73	-56	8	0	0	-1021
G1418:	-10	6	59	60	19	-69	52	40	64	38	41	47	64	42	59	28	39	32	58	0	52	721
Q1419:	-53	-20	-13	-55	-13	-12	-50	-52	-80	-40	-72	-61	4	-92	-62	-53	-60	-33	27	0	14	-776
A1420:	-83	-32	-55	-76	-14	-34	-42	-39	-81	-39	-50	-54	-4	-77	-54	-84	-80	-48	31	0	20	-895
K1421:	8	30	26	-22	33	28	-14	7	-85	11	2	2	30	-37	-55	-1	-4	-5	50	0	25	29
I1422:	57	51	80	78	59	76	75	-83	80	-39	43	75	80	72	78	67	67	-22	73	0	71	1038
I1423:	-43	-28	-52	-66	-45	-30	-55	-81	-73	-61	-67	-68	-24	-62	-45	-82	-63	-56	5	0	-18	-1014
E1424:	-29	-1	-25	-84	21	29	-14	3	37	19	8	14	51	-56	22	7	19	-2	29	0	15	63
L1425:	44	36	72	70	-5	65	62	16	68	-77	-59	50	72	54	65	55	53	23	56	0	51	771
K1426:	23	16	62	19	37	48	-12	1	-87	-20	12	43	55	-10	-41	20	16	6	43	0	33	264
S1427:	-74	-56	-57	-87	-41	-52	-61	-63	-91	-53	-59	-80	-51	-89	-83	-94	-92	-61	-11	0	-18	-1273
N1428:	-31	-9	-18	-37	1	-37	-56	-31	-80	-39	-45	-77	-26	-64	-78	-60	-70	-35	5	0	-27	-814
A1429:	-67	-28	43	40	17	25	-7	-53	32	-72	-1	22	37	22	29	3	-52	-81	27	0	16	-48
T1430:	-61	-30	-90	-88	-19	-65	-82	-56	-75	-59	-66	-90	-56	-89	-79	-93	-94	-58	-17	0	-46	-1313
E1431:	-45	-5	-77	-93	18	-16	-34	-30	-55	-23	-36	-43	15	-71	-30	-57	-65	-35	23	0	12	-647
E1432:	10	-2	-78	-96	4	34	-27	24	41	21	13	-36	61	-82	42	23	21	9	31	0	16	29
Q1433:	-27	-3	5	-22	-1	-3	-69	-56	-67	-51	-5	-24	11	-81	-69	-49	-31	-44	13	0	-4	-577
K1434:	-54	-19	-49	-60	8	-31	-45	-47	-93	-36	-15	-67	-15	-70	-67	-75	-71	-38	15	0	6	-823
L1435:	-58	-41	-35	-45	-46	-55	-53	-75	-28	-87	-76	-55	-12	-42	-24	-66	-72	-63	-33	0	-64	-1030
M1436:	16	-26	55	52	19	42	41	-63	52	-71	-82	43	52	33	49	30	27	-42	29	0	20	276
L1437:	-34	-24	-35	-49	-72	-22	-34	-90	-54	-96	-87	-29	-9	-50	-62	-47	-77	-87	8	0	-72	-1022
Q1438:	-62	-26	-80	-85	-10	-51	-88	-45	-75	-43	-26	-70	-44	-93	-72	-82	-68	-44	-6	0	-16	-1086
D1439:	-52	-40	-87	-81	-21	-37	-58	-30	-80	-36	-34	-58	-13	-83	-63	-77	-69	-38	19	0	-59	-997
L1440:	25	33	72	68	-3	65	57	-35	68	-88	-48	64	72	56	66	56	-15	-26	56	0	50	593
D1441:	-31	3	-80	-90	21	-35	13	20	-15	-40	11	-39	8	-63	4	-39	-41	16	31	0	26	-320
T1442:	-63	1	-56	-73	22	-34	-35	-23	-78	-22	-35	-81	-12	-77	-39	-87	-91	-32	29	0	21	-765
F1443:	-7	-22	19	18	-75	15	-13	-78	-26	-67	-44	2	20	-50	-2	-9	-52	-51	-21	0	-60	-503
Y1444:	64	54	80	79	40	77	67	45	82	63	61	73	83	75	81	72	63	52	61	0	-58	1214
A1445:	-75	0	-30	-49	-18	-31	-24	-66	-78	-48	-61	-68	-7	-56	-80	-60	-74	-59	33	0	-24	-875
D1446:	0	41	-51	-21	60	2	22	38	-10	25	31	-45	53	-3	6	-50	-20	33	68	0	66	245
S1447:	9	4	46	28	26	35	12	-1	20	18	19	13	52	-1	2	-63	-72	11	48	0	17	223
P1448:	-17	26	17	-10	11	-6	-3	-12	-55	-16	-11	-6	-66	-32	-53	-31	-36	-3	38	0	11	-254
C1449:	28	-27	74	67	58	21	63	53	72	62	57	67	41	61	72	35	64	40	68	0	38	1014
D1450:	30	47	-52	37	42	50	66	62	75	62	57	38	79	61	62	22	-28	60	53	0	45	868
Q1451:	-30	13	-32	-64	-13	-2	-40	-26	-63	-23	-34	-73	15	-87	-41	-37	-31	-46	25	0	-44	-633
H1452:	60	62	79	75	66	71	-67	52	83	60	64	67	86	69	79	62	65	53	78	0	56	1220
L1453:	53	36	76	71	52	73	74	-46	77	-86	33	71	79	63	75	64	49	25	67	0	65	971
P1454:	-38	-11	17	-29	8	7	-10	-8	-34	-18	-13	-9	-51	-28	-30	-37	-16	-9	35	0	11	-263
L1455:	58	34	86	83	55	81	81	35	84	-80	-55	80	86	75	75	74	74	31	75	0	74	1106
N1456:	56	53	64	67	71	57	63	66	62	70	58	-88	79	55	72	47	51	68	77	0	71	1119
L1457:	-60	-47	-15	-61	-30	-59	-20	-70	-47	-74	-64	-36	-38	-46	-33	-77	-59	-76	2	0	-24	-934
V1458:	-30	15	67	58	41	56	52	-89	50	-23	33	55	68	54	57	42	-15	-77	63	0	55	532
I1459:	50	27	73	75	47	75	65	-90	70	-75	37	75	82	60	69	61	57	-44	69	0	36	819
K1460:	26	21	70	58	48	46	21	38	-76	42	30	4	68	-21	-84	30	34	22	51	0	45	473
S1461:	-55	-12	-55	-72	20	-15	-17	-5	-39	-16	-14	-38	16	-38	-11	-88	-82	-11	50	0	7	-475
L1462:	32	11	65	48	24	55	48	-26	59	-96	-56	54	63	43	55	40	34	-18	41	0	36	512
Y1463:	26	19	54	57	-16	56	6	24	65	13	20	48	71	-16	59	38	43	7	39	0	-73	540
D1464:	-12	40	-74	-78	50	20	21	22	-22	19	-16	-5	46	-42	21	-11	-9	21	67	0	63	121
K1465:	4	42	53	35	38	35	-1	19	-83	-17	4	8	53	-3	-68	4	-1	5	70	0	30	227
A1466:	-87	8	59	58	39	-54	44	17	53	43	31	46	61	44	50	-36	-17	-71	55	0	21	364
V1467:	-21	-18	32	-1	15	25	15	-56	7	-35	-26	11	36	-14	20	-37	-35	-90	63	0	-1	-110
N1468:	-47	-15	-1	-34	-52	-26	-44	-40	-15	-32	-25	-65	7	-37	-12	-56	-50	-46	8	0	-65	-647
W1469:	89	84	96	95	83	94	94	92	96	92	92	94	97	94	96	93	94	90	-33	0	86	1718
N1470:	47	14	-66	33	64	12	47	59	63	67	56	-50	68	-12	61	34	36	57	70	0	61	721
S1471:	-56	-19	1	-43	14	-10	-23	-1	-18	-13	-10	-70	11	-37	-14	-92	-92	-30	61	0	10	-431
T1472:	-15	34	-11	-66	52	3	35	44	3	22	36	-2	29	-17	-15	-43	-64	11	55	0	47	138
F1473:	67	56	87	82	-46	82	82	65	87	63	63	82	89	79	86	76	72	68	75	0	61	1376
A1474:	-85	-51	-34	-65	-16	-42	-42	-61	-64	-58	-54	-89	-9	-67	-39	-88	-89	-70	30	0	14	-979
I1475:	-35	-7	-10	-48	5	-23	-16	-72	-19	-54	-55	-28	-11	-38	-18	-65	-40	-39	19	0	12	-542
F1476:	54	45	75	72	-59	67	64	45	74	51	42	66	75	63	69	51	58	51	56	0	42	1061
A1477:	-75	-24	-11	-28	7	-53	25	9	-16	-16	14	-11	3	-31	-5	-34	-23	-37	32	0	18	-256
K1478:	-3	10	33	9	13	21	4	16	-71	17	-18	-9	45	-31	-45	3	-12	-10	31	0	22	25
S1479:	-52	-18	-42	-62	-3	-31	-50	-32	-71	-36	-63	-73	-33	-75	-68	-86	-77	-42	2	0	-2	-914
Y1480:	59	47	66	71	-41	68	62	56	74	56	56	66	73	64	68	60	62	55	48	0	-36	1034
L1481:	40	28	56	52	-6	45	36	8	48	-80	-46	28	45	32	47	38	33	11	29	0	16	460
P1482:	-6	17	41	37	10	33	20	1	24	-3	10	21	-82	10	26	26	15	-2	26	0	23	247
S1483:	-19	-26	14	-11	-10	-2	-30	-15	-24	-28	-25	-22	-10	-28	-18	-93	-83	-25	-7	0	-9	-471
E1484:	6	6	-25	-83	19	31	5	16	30	18	7	20	37	-21	25	23	15	11	18	0	8	166
T1485:	-43	-21	-32	-52	-32	-49	-55	-39	-75	-51	-56	-84	-41	-68	-72	-70	-87	-46	-4	0	-39	-1016
D1486:	17	16	-75	-39	28	13	21	24	28	23	18	7	24	11	29	-5	11	16	29	0	26	222
I1487:	25	18	50	43	16	44	39	-86	41	1	-7	39	36	29	36	25	17	-41	26	0	22	373
S1488:	-46	-14	19	2	0	6	-12	-2	-24	-1	-12	-26	2	-15	-24	-81	-83	-8	8	0	3	-308
R1489:	44	45	77	68	60	70	27	53	-20	34	47	62	69	18	-59	56	54	43	66	0	53	867
I1490:	43	29	62	59	24	55	50	-80	58	-6	-13	52	56	46	54	41	39	-10	40	0	21	620
T1491:	7	21	60	40	43	40	28	37	32	40	26	43	50	30	45	18	-76	32	44	0	35	595
A1492:	-70	1	-5	15	22	1	21	-2	-8	-22	-2	-35	3	-41	-27	-67	-80	-27	26	0	20	-277
K1493:	-37	-28	8	-5	-52	-8	-49	-64	-68	-67	-59	-32	-11	-55	-66	-43	-43	-45	-16	0	-52	-792
Q1494:	-3	-4	17	5	3	26	-77	-3	-17	4	-11	11	17	-91	-25	-2	5	-3	2	0	-10	-156
L1495:	33	32	68	63	26	60	59	14	64	-76	16	57	64	51	60	48	45	21	49	0	41	795
K1496:	16	10	50	42	28	36	3	15	-87	16	8	27	43	17	-68	19	9	17	33	0	27	261
K1497:	27	26	59	52	43	48	22	35	-80	37	26	16	56	30	1	35	37	33	49	0	40	592
L1498:	46	35	64	59	-23	56	47	-25	60	-67	-48	53	53	46	42	44	42	4	40	0	20	548
F1499:	56	42	68	63	-62	64	53	39	66	5	37	50	64	55	60	55	47	45	39	0	41	887
Y1500:	18	11	39	12	-18	35	14	-30	26	-31	-15	20	37	4	28	13	7	-12	1	0	-61	98
D1501:	26	30	-67	-26	42	37	38	40	42	44	34	32	32	14	42	27	28	29	48	0	44	536
S1502:	-62	-40	-38	-65	-32	-46	-65	-36	-82	-41	-43	-69	-42	-72	-74	-89	-72	-45	-29	0	-37	-1079
S1503:	-46	-37	-65	-58	-29	-37	-52	-31	-68	-44	-36	-67	-34	-58	-53	-86	-76	-42	-25	0	-52	-996
R1504:	11	29	42	28	41	28	26	16	-35	16	24	-16	23	5	-49	-10	3	17	44	0	38	281
K1505:	-6	5	-9	-12	30	17	-7	-14	-70	-4	-3	-29	0	-17	-31	-43	-21	-3	33	0	16	-168
D1506:	3	21	-55	-50	23	3	9	11	2	12	2	-4	14	-19	11	-11	-22	-5	34	0	29	8
S1507:	-50	-8	-43	-61	6	-41	-61	-28	-69	-28	-40	-77	-42	-79	-42	-87	-78	-35	3	0	1	-859
E1508:	-35	-1	-58	-84	-14	-19	-32	-30	-34	-27	-26	-48	-13	-65	-33	-51	-41	-35	9	0	4	-633
D1509:	-19	10	-72	-65	11	-11	-17	-6	-42	-15	-12	-56	1	-41	-17	-40	-44	-17	25	0	16	-411
K1510:	-25	-10	-16	-35	6	1	-27	-13	-82	-14	-43	-48	-12	-37	-60	-38	-53	-18	23	0	3	-498
K1511:	-25	-12	-27	-48	4	-2	-30	-15	-78	-25	-21	-51	-12	-40	-50	-49	-38	-18	22	0	18	-497
S1512:	-42	-25	-50	-51	-14	-27	-49	-20	-71	-25	-30	-72	-42	-55	-54	-84	-77	-33	9	0	-17	-829
L1513:	-5	5	3	-35	-19	-31	-7	-25	-25	-61	-46	-20	-12	-33	-6	-32	-35	-22	15	0	-36	-427
H1514:	-16	1	-10	-30	-21	-7	-75	-32	-26	-40	-22	-55	-12	-33	-16	-41	-47	-48	-5	0	-49	-584
D1515:	-38	5	-80	-44	19	-46	-20	-10	-15	-5	10	-71	-38	-57	-12	-58	-47	-14	22	0	-7	-506
E1516:	-6	14	-45	-69	29	40	23	29	3	27	16	-12	34	-20	23	-1	-16	21	32	0	24	146
K1517:	-20	3	-44	-62	16	-3	-32	-29	-82	-15	-24	-51	-10	-40	-47	-53	-64	-21	20	0	15	-543
A1518:	-76	-44	-23	-50	-55	-38	-37	-55	-69	-57	-68	-49	-24	-55	-43	-72	-75	-77	-2	0	-42	-1011
K1519:	-31	-13	-26	-42	-2	-3	-37	-18	-82	-22	-27	-31	-36	-57	-53	-55	-44	-21	18	0	-8	-590
T1520:	-51	-31	-26	-64	-24	-41	-49	-41	-57	-41	-40	-55	-37	-67	-47	-76	-86	-57	-18	0	-32	-940
R1521:	-29	8	7	-31	20	9	-25	-18	-64	-21	-26	-28	-14	-43	-71	-53	-36	-29	24	0	17	-403
K1522:	-47	-21	-17	-41	17	-11	-32	-32	-82	-30	-33	-61	-50	-46	-54	-50	-43	-35	20	0	14	-634
P1523:	-47	-6	-36	-56	4	-38	-33	-29	-50	-29	-36	-50	-69	-60	-38	-59	-64	-31	4	0	0	-723
E1524:	-46	-30	-41	-80	-23	-15	-39	-35	-35	-33	-34	-29	-9	-54	-37	-66	-47	-49	-17	0	-24	-743
K1525:	-29	-12	9	-35	5	-8	-22	-19	-80	-19	-47	-20	-10	-28	-64	-35	-22	-33	31	0	24	-414
N1526:	-42	-19	-38	-56	-31	-40	-71	-28	-58	-27	-40	-78	-29	-61	-54	-73	-64	-45	5	0	-1	-850
E1527:	-20	5	-53	-79	19	-7	-25	-7	-10	-7	10	-25	-6	-37	-5	-23	-23	-14	24	0	17	-266
L1528:	-16	-8	-5	-37	-29	-15	-17	-39	-32	-65	-64	-42	-19	-47	-19	-42	-45	-55	-14	0	-41	-651
P1529:	-42	-23	-32	-39	-14	-23	-56	-28	-65	-29	-57	-58	-73	-55	-37	-69	-72	-35	11	0	7	-789
L1530:	-40	-32	-51	-65	-49	-60	-34	-56	-69	-79	-65	-46	-34	-58	-41	-57	-74	-53	-4	0	-31	-998
E1531:	-44	-10	-71	-86	6	-24	-38	-29	-47	-37	-31	-55	-10	-60	-33	-56	-47	-35	9	0	6	-692
G1532:	-52	-39	-54	-73	-35	-73	-64	-41	-65	-49	-60	-60	-48	-70	-54	-76	-64	-63	-1	0	-41	-1082
L1533:	-27	-16	-10	-29	-47	-12	-39	-50	-27	-77	-58	-23	-33	-31	-37	-53	-46	-42	-14	0	-58	-729
K1534:	-43	-3	-6	-35	11	-11	-35	-28	-89	-37	-38	-35	-17	-50	-69	-62	-64	-29	14	0	9	-617
D1535:	-37	0	-89	-77	7	-29	-53	2	-40	8	-5	-41	-39	-49	-22	-64	-47	-12	10	0	3	-574
V1536:	-48	-38	-23	-32	-65	-55	-56	-72	-57	-75	-79	-43	-57	-54	-61	-62	-63	-87	-48	0	-73	-1148
E1537:	-53	-14	-55	-89	-2	-27	-53	-39	-48	-52	-42	-47	-26	-64	-57	-66	-75	-45	2	0	-1	-853
K1538:	-43	-29	-18	-56	-10	-12	-45	-29	-88	-46	-36	-52	-12	-52	-74	-56	-44	-36	21	0	-15	-732
P1539:	-31	-25	-21	-62	-24	-20	-34	-31	-54	-26	-49	-47	-77	-44	-34	-64	-59	-37	10	0	-19	-748
K1540:	-47	-22	-34	-58	-7	-17	-37	-33	-87	-31	-34	-47	-48	-49	-67	-55	-65	-38	14	0	9	-753
I1541:	-57	-31	-28	-50	-52	-53	-45	-86	-64	-81	-72	-50	-47	-54	-48	-81	-81	-73	-39	0	-57	-1149
D1542:	-49	-22	-79	-79	-16	-34	-34	-27	-40	-48	-32	-54	-21	-55	-34	-69	-73	-35	10	0	-28	-819
S1543:	-64	-43	-55	-70	-33	-50	-70	-45	-71	-55	-53	-82	-66	-73	-62	-93	-79	-63	3	0	-44	-1168
K1544:	-46	-30	-47	-66	-17	-25	-52	-33	-86	-37	-40	-69	-29	-66	-62	-63	-54	-34	9	0	-20	-867
N1545:	-58	-32	-63	-77	-28	-54	-68	-41	-84	-42	-47	-85	-41	-75	-65	-80	-83	-49	-1	0	-31	-1104
T1546:	-45	0	-53	-41	11	-68	-39	-26	-59	-34	-35	-55	-31	-56	-31	-71	-82	-39	12	0	5	-737
T1547:	-36	-14	-37	-56	-22	-27	-36	-21	-59	-17	-26	-45	-26	-70	-45	-64	-81	-30	13	0	6	-693
E1548:	-39	-11	-48	-79	2	-9	-22	-10	-46	-9	-18	-41	-5	-50	-25	-41	-36	-16	22	0	18	-463
N1549:	-43	-23	-44	-53	-17	-33	-42	-38	-56	-36	-32	-84	-30	-65	-39	-76	-62	-46	4	0	-16	-831
R1550:	-39	-25	-8	-26	-12	-12	-37	-32	-70	-41	-51	-40	-22	-48	-72	-65	-59	-32	8	0	5	-678
D1551:	-33	-13	-68	-56	-8	-22	-25	-20	-39	-17	-24	-56	-10	-64	-24	-47	-44	-43	14	0	8	-591
R1552:	-23	-5	-2	-11	4	11	-17	-13	-72	-23	-17	-20	-6	-29	-67	-48	-32	-10	23	0	3	-354
T1553:	-41	2	-45	-68	11	-38	-37	-28	-55	-19	-31	-59	-26	-71	-37	-70	-84	-46	14	0	7	-721
N1554:	-42	-39	-31	-61	-19	-40	-54	-29	-56	-30	-36	-82	-27	-78	-56	-67	-60	-47	3	0	2	-849
E1555:	-39	-20	-30	-77	-24	-18	-32	-25	-28	-30	-23	-30	-32	-48	-27	-56	-44	-33	-10	0	-30	-656
P1556:	-55	-36	-53	-70	-28	-40	-56	-44	-70	-45	-52	-76	-75	-70	-56	-60	-70	-44	-2	0	-37	-1039
Q1557:	-49	-27	-59	-66	-5	-23	-57	-61	-72	-46	-54	-68	-36	-85	-51	-64	-57	-44	-2	0	-12	-938
N1558:	-33	-9	-56	-54	-2	-51	-52	-43	-44	-32	-19	-90	-56	-62	-49	-80	-61	-36	0	0	-27	-856
A1559:	-79	-49	-34	-54	-42	-70	-43	-63	-79	-68	-62	-57	-34	-63	-57	-69	-74	-65	-8	0	-43	-1113
V1560:	-54	-28	-22	-54	-35	-23	-37	-67	-45	-66	-55	-46	-50	-55	-35	-68	-63	-85	-30	0	-41	-959
T1561:	-34	-14	-37	-45	-10	-27	-31	-24	-69	-36	-27	-46	-18	-54	-34	-57	-74	-30	17	0	-31	-681
I1562:	-46	-28	-16	-27	-38	-25	-23	-72	-47	-64	-60	-48	-9	-39	-37	-66	-53	-43	4	0	-31	-768
T1563:	-39	-16	-14	-37	-4	-22	-26	-37	-38	-31	-27	-32	-14	-49	-30	-69	-78	-48	20	0	-13	-604
T1564:	-45	-21	-14	-42	-29	-48	-62	-30	-52	-35	-34	-50	-17	-68	-42	-73	-80	-40	-9	0	-47	-838
F1565:	-40	-22	-36	-60	-68	-6	-30	-46	-44	-59	-47	-33	-17	-69	-36	-49	-45	-48	-27	0	-53	-835
K1566:	-22	9	-16	-18	22	5	-44	-7	-80	-7	-22	-24	-33	-44	-40	-38	-23	-9	28	0	22	-341
D1567:	-23	8	-64	-57	21	-10	-20	-22	-48	-11	-38	-23	0	-51	-39	-49	-55	-16	18	0	17	-462
D1568:	-27	-6	-64	-65	-1	-21	-17	-24	-27	-6	-12	-28	11	-38	-15	-57	-44	-18	28	0	0	-431
T1569:	-72	-50	-40	-71	-39	-75	-57	-66	-70	-50	-56	-68	-52	-75	-55	-84	-87	-55	-7	0	-59	-1188
P1570:	-29	-8	-3	-2	2	-17	15	-4	-20	-14	9	-18	-69	-21	-3	-41	-28	-8	26	0	22	-211
I1571:	-39	-31	-50	-49	-31	-41	-26	-77	-75	-70	-58	-57	-56	-51	-40	-58	-56	-55	0	0	-27	-947
I1572:	-62	-32	-42	-60	-46	-28	-35	-76	-52	-69	-58	-35	-27	-45	-40	-66	-56	-67	-28	0	-44	-968
P1573:	-50	-8	-10	-26	3	-2	-9	-10	-32	-7	-18	-36	-59	-52	-20	-64	-38	-10	28	0	4	-416
T1574:	-67	-47	-58	-74	-31	-58	-59	-44	-84	-52	-55	-79	-66	-84	-67	-84	-89	-51	-1	0	-10	-1160
S1575:	-60	-45	-40	-59	-34	-35	-55	-43	-61	-59	-50	-79	-37	-62	-52	-91	-72	-51	-8	0	-37	-1030
G1576:	-63	-43	-44	-65	-55	-77	-71	-52	-67	-56	-62	-73	-68	-76	-77	-87	-79	-61	-35	0	-66	-1277
T1577:	-71	-54	-73	-87	-54	-70	-74	-62	-84	-62	-62	-75	-77	-81	-70	-89	-91	-71	-45	0	-62	-1414
S1578:	-63	-43	-64	-84	-30	-47	-58	-38	-72	-43	-48	-70	-47	-85	-61	-90	-80	-48	-5	0	-32	-1108
H1579:	-37	-20	-36	-46	-21	-11	-75	-31	-67	-34	-39	-47	-52	-59	-54	-57	-55	-37	7	0	-30	-801
L1580:	-58	-51	-35	-62	-57	-68	-51	-64	-67	-84	-73	-53	-54	-65	-71	-78	-77	-66	-43	0	-68	-1245
T1581:	-38	-29	-39	-55	4	-38	-42	-27	-71	-26	-34	-63	-57	-62	-45	-78	-87	-41	6	0	2	-820
V1582:	-18	-6	-2	-39	-16	1	-9	-48	-46	-50	-40	-40	-8	-41	-21	-43	-49	-68	8	0	-35	-570
T1583:	-52	-24	-22	-70	-16	-33	-46	-52	-56	-43	-39	-44	-19	-59	-41	-74	-82	-42	9	0	-18	-823
P1584:	-21	-6	-3	-28	21	-33	-9	-23	-33	-20	-20	-32	-56	-29	-35	-31	-26	-13	22	0	23	-352
S1585:	-52	-35	-37	-74	-20	-26	-43	-33	-75	-31	-37	-50	-34	-66	-52	-87	-73	-40	4	0	-21	-882
A1586:	-84	-53	-48	-65	-61	-55	-49	-62	-82	-76	-69	-56	-63	-67	-60	-71	-67	-70	-12	0	-52	-1222
S1587:	-36	-4	-37	-41	10	-17	-38	-35	-53	-20	-31	-59	-44	-42	-31	-88	-66	-28	14	0	10	-636
S1588:	-52	-33	-35	-62	-43	-37	-54	-29	-61	-34	-41	-60	-51	-73	-53	-84	-68	-41	4	0	-28	-935
V1589:	-22	-20	6	-22	-35	-4	-19	-82	-20	-61	-43	-15	-27	-37	-45	-50	-39	-83	-17	0	-44	-679
S1590:	-48	2	-17	-64	16	-13	-35	-20	-58	-16	-22	-46	-53	-46	-46	-79	-53	-25	19	0	17	-587
S1591:	-68	-52	-49	-79	-72	-55	-73	-54	-72	-75	-57	-72	-57	-72	-63	-90	-79	-62	-44	0	-67	-1312
S1592:	-9	-13	13	-14	-5	9	-19	-13	-2	0	-11	-43	8	-42	4	-87	-48	-21	5	0	-10	-298
L1593:	-5	8	18	-22	-19	-10	-4	-33	-9	-71	-44	2	-21	-22	-17	-23	-24	-53	9	0	-22	-362
T1594:	-34	-18	-34	-31	-30	-27	-49	-28	-49	-31	-34	-37	-39	-58	-53	-55	-75	-34	-7	0	-46	-769
P1595:	-28	-14	-24	-36	-5	-28	-23	-21	-46	-30	-27	-39	-63	-41	-49	-47	-49	-20	18	0	-5	-577
Q1596:	-35	-14	-19	-47	-14	1	-35	-28	-66	-28	-39	-32	-18	-75	-35	-61	-48	-23	4	0	-17	-629
T1597:	-43	-22	-17	-45	-20	-44	-45	-27	-69	-41	-31	-65	-51	-58	-39	-69	-84	-39	-11	0	-33	-853
E1598:	-36	-22	-40	-82	-13	-14	-31	-26	-53	-34	-33	-43	-11	-55	-55	-41	-35	-42	10	0	-21	-677
E1599:	-44	-27	-47	-82	-30	-39	-32	-26	-33	-26	-29	-34	-7	-56	-24	-47	-39	-51	5	0	-24	-692
R1600:	-28	-12	-8	-19	-3	10	-28	-22	-62	-37	-28	-20	-10	-56	-77	-54	-43	-27	4	0	-10	-530
P1601:	-54	-29	-46	-51	-20	-34	-46	-30	-76	-34	-40	-58	-81	-70	-62	-73	-64	-35	7	0	-22	-918
P1602:	-43	-24	-43	-49	-18	-22	-37	-43	-59	-34	-55	-58	-73	-58	-54	-61	-49	-45	10	0	5	-810
I1603:	-37	-21	-21	-40	-36	-28	-32	-76	-66	-63	-59	-48	-52	-45	-45	-72	-55	-49	-21	0	-34	-900
S1604:	-43	-17	-46	-70	1	-37	-53	-22	-77	-27	-35	-75	-46	-61	-59	-90	-68	-31	2	0	-1	-855
R1605:	-6	14	27	13	27	21	-21	7	-44	-10	-10	-28	1	-50	-81	-27	-15	-4	32	0	25	-129
S1606:	-31	-19	-21	-61	-28	-14	-32	-16	-51	-29	-30	-44	-17	-48	-38	-79	-72	-24	7	0	-13	-660
G1607:	-59	-38	-34	-75	-24	-66	-53	-31	-56	-31	-51	-51	-43	-75	-50	-77	-59	-38	5	0	-31	-937
T1608:	-50	-9	-51	-53	-19	-32	-48	-33	-66	-44	-40	-46	-40	-55	-58	-78	-89	-51	5	0	-26	-883
G1609:	-21	-13	-1	-25	-3	-50	-20	-9	-29	-32	-20	-35	-30	-44	-19	-62	-28	-16	21	0	-10	-446
I1610:	-36	-30	-2	-33	-58	-15	-45	-80	-27	-71	-61	-42	-23	-36	-33	-39	-46	-62	-32	0	-77	-848
S1611:	-54	-20	-49	-69	-8	-47	-76	-50	-71	-55	-66	-71	-52	-64	-59	-90	-70	-49	-7	0	-6	-1033
M1612:	-45	-29	-41	-62	-36	-22	-34	-43	-56	-49	-79	-47	-23	-53	-41	-68	-56	-42	2	0	-41	-865
T1613:	-47	-28	-33	-72	-34	-36	-50	-34	-57	-29	-38	-50	-36	-63	-68	-76	-86	-37	6	0	-28	-896
H1614:	-49	-22	-33	-55	-44	-38	-85	-63	-75	-66	-53	-63	-40	-75	-61	-69	-67	-59	-28	0	-59	-1104
D1615:	-62	-32	-84	-76	-21	-45	-47	-35	-64	-36	-59	-77	-38	-76	-55	-68	-66	-43	0	0	-30	-1014
K1616:	-34	-18	-14	-39	2	-3	-29	-23	-79	-33	-28	-54	-38	-56	-50	-55	-39	-27	16	0	11	-590
S1617:	-41	-35	-34	-35	-43	-25	-60	-37	-55	-54	-47	-46	-62	-51	-46	-81	-69	-47	-33	0	-56	-957
T1618:	-49	-29	-40	-56	-16	-66	-41	-30	-69	-30	-58	-54	-42	-79	-50	-72	-86	-38	5	0	0	-900
R1619:	-21	4	15	0	18	8	-29	-18	-66	-20	-28	-45	-17	-34	-77	-39	-63	-25	20	0	15	-402
P1620:	-31	-10	-37	-38	-1	-29	-28	-11	-39	-14	-19	-55	-74	-66	-27	-70	-44	-13	19	0	-7	-594
N1621:	-50	-34	-54	-59	-29	-51	-56	-43	-54	-42	-45	-82	-38	-80	-57	-83	-84	-49	-9	0	-33	-1032
I1622:	-45	-24	-10	-29	-38	-26	-55	-80	-61	-76	-58	-29	-27	-39	-36	-56	-55	-67	-20	0	-40	-871
R1623:	17	13	55	42	25	39	16	18	-28	20	11	31	36	-32	-77	6	18	18	29	0	11	268
K1624:	4	18	22	-2	32	42	13	20	-69	26	13	-13	45	-6	-33	-18	4	21	37	0	28	184
M1625:	-20	-18	4	-9	-45	-14	-34	-50	-16	-53	-71	-38	-11	-45	-22	-44	-36	-39	-23	0	-51	-635
S1626:	-32	-23	-3	-24	-25	-39	-52	-19	-48	-30	-25	-42	-28	-45	-40	-80	-76	-40	-11	0	-39	-721
S1627:	-31	-25	-1	-19	-35	-39	-55	-36	-42	-35	-29	-40	-36	-43	-34	-73	-50	-49	-15	0	-46	-733
D1628:	-41	-19	-70	-66	-10	-32	-36	-20	-57	-30	-29	-59	-16	-53	-41	-73	-60	-29	15	0	-19	-745
S1629:	-39	-11	-26	-41	0	-40	-46	-43	-46	-38	-53	-62	-40	-48	-39	-88	-63	-56	3	0	-10	-786
S1630:	-38	5	-11	-38	-1	-35	-33	-12	-47	-12	-19	-54	-46	-42	-34	-87	-73	-21	24	0	-4	-578
L1631:	-41	-21	-37	-59	-36	-20	-26	-46	-50	-74	-62	-36	-32	-54	-31	-71	-70	-58	8	0	-35	-851
C1632:	-42	-73	-17	-40	-21	-33	-26	-52	-36	-35	-33	-47	-5	-39	-46	-51	-36	-45	11	0	-14	-680
G1633:	-47	-26	-38	-33	-35	-68	-50	-47	-39	-34	-42	-46	-32	-50	-55	-73	-51	-41	-14	0	-50	-871
L1634:	-67	-41	-30	-48	-59	-36	-48	-60	-66	-81	-71	-61	-35	-57	-49	-72	-74	-57	-36	0	-62	-1110
A1635:	-70	-28	-6	-23	-26	-26	-22	-46	-64	-44	-45	-32	-6	-42	-31	-71	-66	-55	15	0	-23	-711
S1636:	-26	-23	2	-25	-33	-30	-55	-18	-22	-32	-34	-35	-34	-36	-34	-76	-63	-31	-35	0	-51	-691
L1637:	-30	-9	17	-6	-60	-4	-33	-44	-4	-75	-56	-31	-14	-36	-33	-45	-37	-38	-16	0	-65	-619
A1638:	-83	-46	-25	-46	-61	-68	-62	-70	-65	-69	-63	-52	-37	-70	-58	-80	-76	-79	-39	0	-70	-1219
N1639:	-16	8	-14	-36	15	-17	-18	10	-67	-13	0	-74	-40	-52	-36	-59	-71	6	12	0	9	-453
E1640:	-26	-6	-67	-73	20	-2	-14	15	6	19	11	-10	-16	-24	21	-7	-37	7	22	0	19	-142
Y1641:	-9	-13	1	-14	-38	-3	-26	-40	-14	-26	-31	-47	0	-33	-19	-43	-33	-27	-20	0	-77	-512
S1642:	-31	-13	-61	-42	-4	-68	-40	-6	-57	-5	-14	-67	-29	-42	-44	-84	-54	-19	18	0	-4	-666
K1643:	-15	-3	22	-4	-6	10	-26	-17	-71	-23	-21	-7	-27	-22	-42	-29	-43	-21	10	0	-22	-357
N1644:	-15	17	-40	-37	22	-25	-37	-7	-59	-8	-18	-76	-10	-76	-33	-56	-46	-17	23	0	16	-482
N1645:	-9	9	1	3	13	8	-20	10	7	6	4	-72	16	-9	12	-52	-66	6	10	0	9	-114
K1646:	17	13	44	32	28	35	4	13	-80	21	9	22	30	-3	-43	7	4	7	30	0	22	212
V1647:	35	37	60	56	34	41	51	9	55	29	19	38	45	41	52	42	26	-77	39	0	39	671
S1648:	-34	-4	19	13	9	-75	-11	-7	6	8	-5	-2	19	-31	8	-86	-23	1	16	0	12	-167
K1649:	-14	2	17	-14	16	18	-6	-1	-78	5	-3	-7	27	-60	-48	-5	2	1	19	0	10	-119
L1650:	18	7	34	15	-5	28	15	-44	11	-84	-32	24	19	11	21	8	-14	-5	9	0	-11	25
A1651:	-88	-17	22	11	-32	-3	-15	-31	-1	-43	-35	-26	1	-29	-2	-15	-71	-34	-12	0	-20	-440
T1652:	-30	-7	-7	-21	-15	-37	-16	-30	-28	-41	-14	-77	-51	-51	-36	-71	-87	-33	-9	0	-7	-668
F1653:	41	27	41	51	-74	38	17	25	45	6	14	43	42	29	43	35	19	27	27	0	-15	481
F1654:	29	33	31	29	-70	32	43	26	49	17	24	6	43	14	28	9	38	25	21	0	-8	419
D1655:	9	11	-77	-19	25	23	13	18	23	13	14	-33	33	7	28	3	6	16	29	0	26	168
Q1656:	-18	6	35	-3	15	24	9	5	-16	1	-5	27	25	-83	-10	6	12	-1	7	0	11	47
M1657:	31	26	55	52	5	47	43	-12	47	-13	-81	40	23	35	44	20	18	4	36	0	10	430
H1658:	34	40	40	53	39	39	-74	38	30	40	16	0	47	28	26	37	34	36	43	0	32	578
F1659:	49	40	60	54	-59	51	56	14	60	-1	28	56	57	49	48	48	48	38	45	0	41	782
D1660:	-5	-5	-88	-53	9	-7	-2	6	7	11	-3	-5	16	-32	3	-22	-13	3	10	0	6	-164
A1661:	-76	0	-4	-23	-17	-18	4	-31	-21	-39	-13	-46	-14	-61	-19	-61	-27	-47	9	0	0	-504
L1662:	39	30	43	50	17	48	44	-46	52	-70	-6	41	40	33	44	22	30	-24	35	0	26	448
S1663:	3	21	50	24	34	41	21	11	25	34	19	-3	33	23	20	-79	-45	26	41	0	38	337
K1664:	7	3	35	5	16	25	-5	-15	-86	4	-37	-6	25	-27	-56	-5	6	-5	21	0	13	-82
E1665:	5	5	15	-86	17	30	-2	7	31	4	4	4	35	-36	20	11	9	-8	19	0	15	99
F1666:	22	13	37	28	-82	31	25	3	21	10	-3	24	26	16	31	5	-17	-4	11	0	-21	176
E1667:	-8	-3	-8	-85	7	20	-25	2	-7	8	-2	11	27	-27	-20	-6	3	-4	-1	0	2	-116
L1668:	-8	-6	27	6	-41	14	11	-59	-13	-88	-66	-19	-50	-26	-13	-27	-62	-42	-4	0	-11	-477
E1669:	-15	-9	-19	-65	-2	1	-10	-14	10	-3	-12	-17	18	-64	3	3	-4	-24	-1	0	-5	-229
R1670:	1	17	58	50	26	49	23	17	-1	20	13	36	37	4	-73	27	15	-15	31	0	12	347
E1671:	3	5	12	-73	13	32	9	2	19	6	1	11	19	-12	26	21	19	-4	16	0	11	136
R1672:	-24	-14	30	9	-14	19	-25	-37	-37	-44	-32	-1	-31	-46	-71	-21	-16	-22	0	0	-18	-395
E1673:	-32	-48	-29	-85	-6	-14	-25	-11	-13	-18	-15	-42	2	-48	2	-28	-6	-16	-5	0	-8	-445
R1674:	-6	9	50	6	21	19	1	11	-49	12	-2	20	-4	-24	-86	5	5	11	25	0	19	43
L1675:	7	-6	28	23	-49	-12	-9	-48	10	-90	-45	8	7	-4	3	-2	-8	-50	-9	0	-23	-269
Q1676:	-32	-7	-16	-36	-2	-7	-58	-8	-37	-29	-21	-34	-20	-91	-40	-61	-41	-26	-6	0	-30	-602
L1677:	-12	-26	-16	6	-37	-4	-15	-54	-12	-86	-62	-10	-7	-23	-10	-29	-34	-39	-13	0	-32	-515
N1678:	-1	3	-18	9	11	-37	-15	8	-29	12	1	-87	5	-19	2	-56	-18	2	13	0	10	-204
K1679:	-18	11	52	6	28	21	-20	18	-84	-16	4	-8	11	-17	-52	-21	-9	19	35	0	25	-15
D1680:	-15	11	-58	-29	-2	-14	-20	-13	-4	-23	-30	-59	1	-31	-5	-43	-52	-14	23	0	-19	-396
K1681:	5	19	52	39	35	42	8	23	-83	25	-12	31	36	14	-56	28	23	19	38	0	29	315
Y1682:	20	31	43	36	-23	40	11	0	33	-1	-3	24	26	11	32	0	8	3	-6	0	-75	210
Q1683:	-18	7	14	-17	8	11	-35	-2	-47	-21	-7	-16	0	-90	-45	-17	-25	-37	7	0	4	-326
A1684:	-84	-2	6	-5	2	-24	-10	-7	-24	-46	-11	-25	-20	-30	-18	-45	-54	-44	7	0	-4	-438
I1685:	-5	-15	14	-2	-64	-7	-37	-82	-14	-79	-59	-43	-19	-23	-32	-40	-38	-50	-30	0	-75	-700
R1686:	2	15	60	34	30	30	-11	13	-40	-12	5	8	16	-12	-79	-3	-13	6	34	0	27	110
L1687:	-23	-2	41	33	-37	27	19	-85	28	-85	-64	23	23	17	21	-40	-37	-70	9	0	-2	-204
Q1688:	-52	-35	-40	-67	-38	-25	-63	-45	-67	-46	-50	-49	-64	-86	-57	-64	-54	-49	-19	0	-61	-1031
T1689:	-50	-1	-17	-43	-12	-29	-47	-25	-38	-21	-32	-49	-60	-57	-32	-78	-89	-44	20	0	-19	-723
S1690:	-36	-2	5	-27	-16	-6	-59	-22	-38	-24	-9	-34	-53	-57	-32	-88	-68	-43	13	0	-26	-622
T1691:	-43	-14	-16	-30	2	-52	-18	-37	-61	-32	-18	-66	-31	-58	-43	-74	-91	-45	4	0	-3	-726
P1692:	11	11	36	26	22	27	13	16	-5	18	7	-6	-81	9	0	14	11	17	23	0	21	190
I1693:	15	3	43	32	3	17	22	-90	25	-48	-23	27	27	14	26	-24	3	-62	13	0	8	31
V1694:	-11	-3	38	32	2	28	28	-66	10	-41	-17	25	-6	9	27	-4	-15	-88	8	0	3	-41
E1695:	-3	-4	-15	-83	12	21	-6	6	25	13	1	19	37	-19	24	11	12	-6	18	0	7	70
I1696:	5	11	36	18	7	40	33	-85	40	-52	-12	37	41	25	38	22	18	-38	20	0	15	219
Y1697:	28	28	60	50	16	53	39	30	53	39	27	48	55	39	50	32	23	19	24	0	-73	640
K1698:	-2	-8	-2	-5	6	18	-19	-8	-86	-13	-16	-35	24	-33	-12	-4	3	-6	11	0	3	-184
N1699:	9	3	-23	17	-6	-19	-17	-8	10	5	-3	-85	15	-4	8	-16	-12	0	7	0	-8	-127
V1700:	16	34	58	38	18	50	48	-52	56	-21	14	50	45	40	53	42	38	-85	30	0	28	500
K1701:	24	21	36	12	35	42	18	26	-71	30	19	-2	49	0	-11	25	29	26	41	0	33	382
D1702:	11	15	-68	-15	9	27	26	26	14	28	21	-2	20	-10	24	7	13	23	30	0	24	223
A1703:	-84	-14	24	21	-7	4	-2	-21	4	-21	-28	6	13	-20	4	-12	-9	-62	-4	0	-11	-219
V1704:	31	30	53	49	17	44	37	-29	50	-19	4	31	44	31	45	22	30	-81	28	0	19	436
D1705:	-12	-17	-90	-65	-15	-9	-14	-7	-49	-12	-14	-17	12	-28	-5	-20	-25	-7	-2	0	-18	-414
E1706:	-28	-10	-61	-88	7	-17	-3	-12	-8	6	-4	-24	30	-41	25	0	1	-1	13	0	7	-208
P1707:	-24	-3	11	0	4	8	-12	0	-3	2	-14	-7	-87	-37	-6	-40	-14	-1	3	0	1	-219
L1708:	26	15	43	38	1	32	23	-48	38	-82	-54	28	30	22	35	20	12	-4	13	0	9	197
H1709:	10	11	4	30	11	6	-85	-1	25	11	-2	-19	16	7	21	-46	6	6	15	0	8	34
S1710:	-47	-12	-55	-68	0	-35	-49	-36	-79	-47	-52	-68	-40	-74	-57	-91	-75	-46	2	0	-1	-930
R1711:	-11	3	15	-17	14	16	-9	4	-40	-3	-8	-38	5	-23	-57	-26	-27	0	32	0	29	-141
S1712:	-34	-3	-20	-49	-2	-14	-44	-43	-54	-27	-37	-65	-29	-47	-38	-86	-53	-32	7	0	3	-667
S1713:	-46	-31	-42	-54	-1	-38	-49	-39	-81	-31	-36	-56	-43	-64	-68	-86	-62	-42	0	0	0	-869
G1714:	-38	-21	-25	-58	-41	-62	-47	-27	-68	-26	-44	-44	-31	-74	-53	-66	-49	-34	7	0	-3	-804
N1715:	-36	-16	-36	-60	-10	-24	-43	-22	-52	-23	-34	-74	-22	-71	-45	-68	-65	-29	9	0	6	-715
N1716:	-8	16	-49	-42	19	-18	-30	-5	-34	-5	4	-85	-5	-38	-45	-47	-50	-12	5	0	19	-410
L1717:	-45	-26	-33	-57	-37	-27	-31	-50	-56	-79	-65	-36	-38	-59	-42	-69	-54	-49	-22	0	-43	-918
S1718:	-55	-44	-61	-82	-12	-55	-65	-60	-75	-43	-50	-73	-57	-79	-72	-89	-72	-50	-9	0	-26	-1129
S1719:	-58	-55	-46	-72	-26	-43	-64	-32	-72	-36	-42	-59	-46	-70	-65	-90	-70	-43	3	0	-31	-1017
A1720:	-86	-58	-43	-70	-26	-56	-58	-69	-86	-79	-79	-67	-51	-73	-64	-77	-75	-73	-28	0	-27	-1245
N1721:	-9	17	-40	-46	23	-22	-35	-2	-41	1	9	-82	-15	-61	-46	-63	-48	-11	21	0	17	-433
V1722:	-44	-50	-7	-20	-55	-31	-47	-71	-55	-70	-67	-32	-33	-53	-64	-47	-56	-83	-41	0	-69	-995
K1723:	-27	-16	-6	-33	2	-21	-27	-17	-81	-15	-20	-42	-11	-40	-66	-40	-34	-18	20	0	16	-476
T1724:	-38	7	-1	-32	19	-18	-18	-44	-43	-43	-29	-52	-13	-45	-29	-65	-79	-29	18	0	12	-522
L1725:	-19	-14	-5	-17	-27	-8	-13	-33	-31	-63	-47	-33	-7	-31	-15	-36	-58	-29	19	0	-27	-494
E1726:	-38	-25	-35	-79	-14	-8	-34	-24	-53	-24	-28	-25	-7	-55	-57	-49	-59	-32	7	0	-17	-656
A1727:	-72	-35	-15	-34	-45	-35	-29	-62	-60	-50	-51	-47	-39	-49	-33	-58	-53	-65	10	0	-40	-862
P1728:	-27	-10	-9	-25	-2	-3	-23	-11	-65	-12	-21	-38	-61	-44	-59	-44	-52	-15	25	0	-1	-497
V1729:	-57	-20	-14	-34	-28	-19	-15	-79	-43	-61	-62	-25	-27	-57	-39	-53	-60	-77	4	0	-32	-798
G1730:	-38	-6	-42	-44	-14	-76	-51	-48	-44	-49	-51	-71	-39	-70	-44	-69	-53	-41	3	0	-35	-882
E1731:	-40	-22	-33	-80	14	-11	-22	-23	-36	-26	-41	-30	-24	-49	-25	-46	-40	-31	20	0	14	-531
H1732:	-38	-22	-19	-31	-22	-17	-68	-47	-44	-33	-36	-36	-24	-53	-30	-64	-49	-39	11	0	-26	-687
S1733:	-43	-25	-49	-46	-32	-28	-37	-24	-59	-27	-31	-53	-27	-53	-38	-86	-61	-50	14	0	-36	-791
R1734:	-25	9	12	16	22	27	-2	9	-32	7	-3	5	6	-11	-58	-25	-27	5	41	0	18	-6
A1735:	-70	-42	3	-6	-56	-33	-56	-58	-31	-61	-56	-35	-27	-39	-28	-67	-65	-65	-28	0	-68	-888
N1736:	-38	-16	-37	-56	-15	-33	-49	-21	-70	-23	-32	-77	-27	-63	-54	-63	-61	-32	-11	0	-19	-797
N1737:	-44	-18	-43	-58	-13	-34	-51	-24	-50	-26	-33	-79	-56	-62	-44	-67	-66	-32	11	0	-24	-813
C1738:	-39	-72	-4	-21	-38	-10	-22	-68	-31	-52	-40	-26	8	-31	-26	-26	-36	-64	-20	0	-47	-665
N1739:	-52	-24	-35	-56	-33	-39	-52	-43	-58	-44	-40	-78	-25	-64	-49	-75	-69	-63	-18	0	-39	-956
P1740:	-49	-32	-17	-59	-43	-20	-53	-43	-54	-60	-44	-47	-70	-66	-46	-54	-51	-46	-16	0	-54	-924
P1741:	-50	-34	-36	-45	-28	-49	-38	-59	-62	-45	-62	-56	-75	-62	-54	-62	-62	-46	3	0	-27	-949
N1742:	-39	1	-38	-50	-2	-34	-52	-29	-64	-27	-36	-82	-31	-62	-45	-63	-61	-37	-2	0	-14	-767
L1743:	8	18	34	39	-38	34	-12	-38	38	-80	-48	24	31	23	34	21	-17	-40	20	0	-43	8
D1744:	-22	-4	-73	-44	5	-34	-46	-2	-41	-8	-8	-83	12	-45	-4	-59	-55	-7	6	0	0	-512
Q1745:	-46	-3	-45	-69	-1	-7	-49	-62	-62	-43	-55	-43	-29	-87	-50	-54	-56	-43	-2	0	-8	-814
N1746:	-51	-35	-60	-82	-31	-59	-65	-46	-74	-53	-51	-87	-46	-76	-63	-77	-74	-50	-4	0	-36	-1120
L1747:	34	24	33	39	-18	36	29	1	39	-82	-14	29	29	23	36	26	20	9	26	0	13	332
E1748:	5	4	20	-81	-2	24	-1	3	5	9	-3	18	23	3	25	15	4	-12	9	0	9	77
T1749:	-52	-35	-30	-56	-25	-52	-49	-49	-64	-44	-51	-63	-42	-66	-51	-74	-88	-66	-11	0	-40	-1008
E1750:	2	1	-48	-85	12	13	-13	7	-17	12	0	-11	20	-59	10	2	-2	1	13	0	10	-132
L1751:	24	13	46	44	4	38	32	-36	41	-86	-19	35	27	26	3	22	-8	-22	21	0	11	216
E1752:	-9	-4	6	-84	9	18	-3	3	-12	11	1	-8	31	-7	-1	4	2	-2	10	0	4	-31
N1753:	-20	2	-48	-35	9	-29	-59	4	-26	-14	-4	-89	-24	-55	-29	-58	-50	-1	13	0	7	-506
S1754:	-2	-2	11	-13	9	-3	-10	10	-12	12	-1	-8	-7	-17	-10	-89	-21	3	11	0	11	-128
I1755:	11	3	38	31	-4	30	10	-91	19	-76	-65	18	13	14	16	-31	-8	-45	-4	0	-7	-128
S1756:	-25	-21	-31	-41	-26	-11	-57	-20	-27	-45	-37	-49	-21	-37	-35	-77	-53	-30	-6	0	-44	-693
Q1757:	-34	-8	-17	-32	-4	-27	-48	-49	-68	-53	-30	-34	-30	-90	-63	-45	-50	-49	-7	0	-31	-769
W1758:	25	22	7	11	-6	38	23	-18	40	-10	3	25	31	19	35	19	15	6	-67	0	-3	215
G1759:	-11	16	39	28	27	-76	18	24	1	28	11	19	-12	5	19	-50	-19	-7	23	0	24	107
E1760:	-23	5	-8	-79	20	6	14	-11	-31	-8	8	-6	13	-38	-14	-26	-26	-19	25	0	19	-179
N1761:	-41	-46	-36	-50	-15	-39	-50	-27	-51	-29	-36	-78	-25	-60	-43	-60	-58	-34	8	0	2	-768
I1762:	-37	-39	-11	-25	-61	-31	-57	-91	-41	-84	-70	-40	-44	-51	-68	-63	-59	-85	-40	0	-66	-1063
L1763:	-24	-38	4	-5	-50	-12	-45	-56	-46	-89	-71	-26	-25	-38	-45	-31	-44	-53	-29	0	-49	-772
N1764:	-31	-2	-46	-52	3	-41	-60	-27	-47	-40	-37	-90	-26	-70	-60	-60	-58	-29	8	0	-25	-790
P1765:	-49	-32	-34	-54	-40	-22	-40	-35	-63	-49	-42	-48	-76	-60	-43	-57	-58	-37	8	0	-4	-835
S1766:	-52	-19	-48	-72	-4	-32	-60	-36	-70	-39	-48	-59	-48	-80	-70	-89	-71	-45	-1	0	-5	-948
G1767:	-52	-31	-43	-62	-27	-77	-53	-37	-76	-35	-49	-56	-42	-74	-73	-74	-58	-43	3	0	-35	-994
K1768:	-36	-3	-31	-48	10	-12	-43	-30	-85	-41	-39	-42	-29	-44	-57	-46	-50	-33	14	0	9	-636
T1769:	-41	-18	-16	-52	-7	-26	-61	-15	-47	-21	-29	-42	-24	-50	-32	-64	-82	-29	22	0	-14	-648
T1770:	-49	-27	-39	-60	-17	-41	-42	-45	-59	-32	-38	-51	-36	-64	-42	-85	-87	-43	12	0	-23	-868
A1771:	-86	-61	-71	-72	-57	-64	-60	-68	-78	-69	-72	-66	-55	-78	-78	-88	-75	-73	-22	0	-58	-1351
S1772:	-67	-50	-54	-73	-47	-46	-72	-48	-77	-52	-54	-69	-53	-84	-66	-91	-75	-58	-45	0	-74	-1255
T1773:	-54	-14	-44	-79	-25	-52	-54	-46	-64	-52	-53	-61	-35	-64	-49	-74	-87	-50	-4	0	-11	-972
H1774:	-38	-17	-34	-58	-24	-24	-80	-50	-63	-44	-41	-53	-53	-58	-61	-65	-60	-45	5	0	-32	-895
L1775:	-40	-29	-25	-45	-38	-50	-26	-54	-51	-79	-63	-43	-34	-52	-34	-71	-60	-52	0	0	-41	-887
N1776:	-51	-19	-61	-72	-12	-52	-69	-42	-72	-44	-47	-87	-48	-72	-60	-81	-74	-48	-13	0	-15	-1039
S1777:	-43	-37	-50	-43	-18	-36	-51	-27	-54	-26	-40	-49	-41	-62	-65	-89	-81	-33	11	0	-18	-852
K1778:	-39	-6	-18	-50	10	-16	-38	-35	-81	-32	-40	-39	-46	-52	-61	-60	-49	-33	13	0	7	-665
P1779:	-41	-22	-42	-41	-13	-20	-31	-41	-50	-29	-32	-51	-68	-51	-32	-50	-50	-41	15	0	-15	-705
V1780:	-37	-18	-16	-56	-28	-21	-22	-65	-51	-60	-53	-38	-27	-55	-40	-68	-61	-78	5	0	-34	-823
V1781:	-51	-6	-24	-34	-40	-34	-40	-71	-64	-61	-64	-45	-65	-58	-65	-79	-81	-87	-9	0	-42	-1020
K1782:	-49	-8	-32	-51	5	-20	-47	-60	-89	-43	-57	-53	-29	-53	-67	-61	-73	-47	10	0	4	-820
E1783:	-51	-27	-34	-80	-26	-22	-46	-35	-31	-37	-55	-27	-2	-57	-34	-47	-44	-41	-20	0	-33	-749
T1784:	-61	-41	-49	-62	-34	-57	-59	-39	-81	-41	-49	-64	-68	-70	-54	-80	-90	-49	-4	0	-59	-1111
S1785:	-63	-44	-72	-74	-30	-48	-61	-39	-74	-43	-47	-68	-54	-76	-63	-91	-80	-48	-5	0	-40	-1120
E1786:	-39	-6	-65	-87	4	-30	-41	-28	-35	-30	-34	-50	-53	-51	-31	-61	-69	-36	8	0	-21	-755
N1787:	-43	-23	-58	-60	-16	-56	-47	-28	-71	-23	-31	-93	-47	-73	-34	-74	-73	-26	-20	0	-19	-915
P1788:	-37	-32	-40	-25	-19	-23	-42	-42	-34	-24	-36	-58	-69	-44	-26	-58	-65	-33	10	0	-47	-744
K1789:	-28	-13	4	-34	3	-1	-24	-17	-82	-17	-25	-23	-14	-36	-61	-41	-55	-26	19	0	0	-471
S1790:	-29	-17	-38	-41	-4	-14	-34	-9	-41	-10	-16	-53	-13	-45	-27	-78	-53	-18	4	0	-9	-545
I1791:	-49	-40	-27	-45	-56	-38	-56	-86	-76	-80	-74	-55	-47	-62	-70	-74	-80	-66	-46	0	-59	-1186
V1792:	-63	-42	-41	-75	-47	-40	-45	-74	-64	-72	-68	-50	-68	-81	-55	-71	-75	-90	-42	0	-51	-1214
R1793:	-35	-13	3	-14	-3	-15	-48	-14	-55	-17	-22	-25	-7	-38	-70	-53	-36	-18	22	0	-5	-463
E1794:	-37	-23	-59	-82	-15	-15	-35	-23	-26	-25	-51	-29	-3	-51	-29	-41	-35	-33	11	0	-17	-618
S1795:	-50	-35	-57	-65	-20	-40	-53	-28	-81	-32	-41	-62	-44	-65	-50	-86	-74	-36	3	0	-24	-940
D1796:	-25	-7	-68	-60	0	-12	-23	-25	-30	-25	-22	-54	-4	-40	-24	-49	-48	-25	23	0	17	-501
N1797:	-50	-28	-52	-72	-26	-47	-60	-41	-77	-39	-46	-84	-35	-74	-63	-74	-74	-46	-4	0	-31	-1023
S1798:	-37	-22	-51	-69	-10	-15	-38	-21	-61	-34	-27	-50	-36	-55	-46	-83	-63	-30	12	0	8	-728
K1799:	-26	-15	0	-39	-1	4	-24	-15	-82	-26	-22	-28	-6	-46	-62	-46	-40	-24	5	0	-8	-501
S1800:	-59	-40	-70	-70	-28	-39	-59	-63	-70	-42	-45	-66	-44	-72	-61	-89	-71	-52	0	0	-2	-1042
E1801:	-57	-12	-59	-88	1	-33	-49	-35	-48	-34	-38	-48	-26	-64	-43	-50	-49	-41	1	0	-2	-774
P1802:	-51	-17	-42	-45	-6	-30	-27	-39	-58	-34	-22	-51	-88	-64	-43	-70	-54	-38	-3	0	-8	-790
L1803:	-7	20	46	44	-28	35	24	-38	35	-83	-52	32	24	-8	36	16	18	-30	19	0	-5	98
P1804:	-32	-11	-15	-20	-6	-11	-42	-42	-31	-31	-17	-36	-86	-50	-26	-44	-45	-40	0	0	-49	-634
P1805:	-21	1	-13	-35	6	-3	0	-4	-28	-9	-10	-39	-82	-41	-23	-24	-32	0	12	0	7	-338
V1806:	-33	-2	23	21	-4	21	3	-78	19	-54	-34	-13	12	-5	14	-4	-46	-90	4	0	0	-246
I1807:	-17	-18	17	8	-54	-3	-19	-86	-5	-85	-57	-4	-7	-12	-10	-30	-38	-66	-19	0	-55	-560
T1808:	-29	-2	-33	-35	12	-25	-41	-20	-58	-22	-7	-35	-22	-47	-33	-60	-88	-30	16	0	10	-549
T1809:	-62	-44	-38	-63	-33	-47	-46	-53	-70	-45	-49	-55	-46	-68	-50	-79	-88	-59	-2	0	-37	-1034
T1810:	-59	-23	-27	-50	-10	-44	-29	-53	-64	-44	-31	-47	-37	-60	-45	-69	-91	-49	-6	0	-13	-851
T1811:	-48	-34	-42	-80	-23	-40	-52	-35	-63	-33	-40	-72	-35	-73	-48	-67	-85	-42	2	0	-4	-914
V1812:	-46	-15	-6	-32	-17	-10	-13	-50	-64	-48	-51	-22	-19	-49	-34	-48	-49	-74	13	0	-22	-656
N1813:	-38	-5	-49	-45	-13	-31	-49	-24	-54	-23	-33	-83	-19	-55	-37	-73	-59	-29	3	0	-3	-719
K1814:	-1	14	24	-2	21	20	-1	10	-79	-4	6	-11	15	-19	-31	-15	-9	-9	24	0	2	-45
V1815:	-24	-2	-1	-15	-31	2	1	-42	-25	-45	-36	-40	-5	-31	-15	-29	-32	-60	14	0	-14	-430
E1816:	-40	-26	-39	-79	-16	-14	-34	-29	-39	-52	-37	-34	-8	-53	-28	-49	-46	-33	8	0	3	-645
S1817:	-42	-28	-45	-49	-15	-22	-40	-28	-57	-25	-28	-53	-31	-60	-45	-81	-65	-48	14	0	10	-738
T1818:	-51	-40	-35	-57	-36	-44	-48	-61	-61	-47	-50	-58	-41	-66	-51	-70	-84	-53	2	0	-35	-986
P1819:	-38	-13	-39	-26	0	-24	-20	-34	-43	-33	-17	-57	-81	-53	-40	-64	-78	-46	2	0	-2	-706
Q1820:	-22	7	-11	-31	-24	-4	-15	-42	-38	-63	-47	-26	-19	-89	-44	-28	-31	-31	5	0	-2	-555
P1821:	-12	0	33	5	14	1	-37	9	-21	-26	1	-20	-84	-27	-20	-20	-26	10	20	0	12	-188
E1822:	13	10	6	-82	25	30	0	20	29	27	12	22	36	-39	25	20	17	15	28	0	21	235
K1823:	-5	-6	32	14	6	17	-19	0	-85	-3	-15	4	17	-11	-76	4	-2	-4	7	0	5	-120
S1824:	-13	-21	-26	-4	-6	-32	-33	-17	-51	-13	-29	-80	-6	-28	-15	-92	-61	-35	-4	0	-8	-574
L1825:	-27	-20	11	8	-30	-15	-9	-32	-25	-65	-53	-19	-15	-20	-4	-62	-60	-30	18	0	-23	-472
L1826:	39	25	62	54	20	54	46	6	53	-77	-9	50	52	39	51	37	32	12	27	0	27	600
M1827:	14	17	48	37	-4	49	44	-10	51	-55	-80	48	58	36	51	37	37	-1	36	0	24	437
K1828:	5	5	47	35	24	31	10	14	-82	16	5	22	40	10	-30	-2	-23	10	30	0	21	188
T1829:	-31	13	29	9	30	-2	23	11	7	13	7	-3	16	-7	6	-66	-80	-5	27	0	25	22
L1830:	40	27	60	55	19	52	46	5	54	-82	-3	51	29	39	53	38	36	15	37	0	29	600
S1831:	-59	-21	-12	-55	-4	-27	-29	-8	-36	-6	-15	-46	-35	-45	-34	-91	-90	-40	-7	0	-2	-662
N1832:	-13	-16	-21	-9	0	-25	-41	-5	-2	-1	-14	-92	6	-35	-4	-43	-67	-11	6	0	-5	-392
F1833:	33	19	51	43	-78	45	23	11	37	-14	-1	36	35	16	13	26	23	16	12	0	1	347
W1834:	51	39	62	56	33	57	49	42	62	35	16	55	60	43	58	52	51	43	-79	0	31	816
A1835:	-83	5	39	35	20	19	14	4	29	9	1	15	22	-17	22	-34	10	4	25	0	18	157
D1836:	13	8	-77	-33	22	13	13	20	24	26	16	11	31	-2	22	-13	-4	20	28	0	21	159
R1837:	38	38	71	64	54	51	8	48	11	49	39	20	58	39	-67	47	44	43	53	0	51	759
S1838:	4	-2	32	14	22	20	-8	21	-31	22	5	-1	13	-31	2	-87	-11	12	21	0	17	34
A1839:	-82	-30	21	11	8	-22	15	-6	2	-38	-7	-15	-11	-26	-5	-35	-27	-46	16	0	8	-269
Y1840:	15	-4	24	21	-7	30	6	-8	9	3	17	0	17	-11	16	-24	-44	-4	9	0	-46	19
L1841:	19	23	61	35	-26	27	7	-44	25	-82	-55	18	49	3	19	8	-9	-26	30	0	-21	61
W1842:	32	28	40	38	22	32	48	26	36	26	23	23	47	37	36	7	15	36	-79	0	18	491
K1843:	-17	4	-25	-36	18	28	-9	2	-84	7	-4	6	19	-27	0	7	10	3	22	0	16	-60
P1844:	1	14	42	34	22	36	22	14	27	9	6	24	-77	18	29	1	21	17	26	0	24	310
L1845:	48	31	61	57	-16	55	47	-16	43	-82	0	50	49	42	50	40	37	20	41	0	31	588
V1846:	-60	-39	-55	-65	-43	-39	-39	-70	-67	-67	-65	-51	-35	-65	-53	-60	-65	-81	-13	0	-11	-1043
Y1847:	41	30	53	51	-13	54	44	34	47	38	24	43	53	41	50	38	43	33	24	0	-71	657
P1848:	20	26	58	52	41	47	34	33	44	36	25	40	-77	29	47	34	31	33	42	0	41	636
T1849:	-17	-10	43	-11	-8	25	13	-38	-1	-54	-31	-1	6	-22	1	-32	-83	-50	17	0	-4	-257
C1850:	-41	-73	-34	-34	-35	-19	-34	-44	-40	-48	-38	-32	0	-45	-31	-29	-36	-49	-17	0	-35	-714
P1851:	-59	-39	-39	-46	-34	-27	-51	-37	-52	-44	-50	-54	-89	-62	-44	-82	-65	-43	0	0	-36	-953
S1852:	-25	-31	-2	-17	-17	-5	-45	-14	-35	-18	-31	-59	-19	-41	-22	-91	-91	-22	-14	0	-15	-614
E1853:	-11	13	-16	-81	30	33	16	25	20	30	19	27	47	8	30	23	24	22	34	0	25	318
H1854:	21	21	10	34	20	30	-89	19	1	21	8	-14	34	-6	25	-17	-15	17	24	0	5	149
I1855:	28	13	48	41	9	33	26	-85	36	-54	-20	31	28	25	33	14	-55	-71	16	0	5	101
F1856:	46	27	47	58	-71	45	48	16	58	4	14	33	54	44	56	23	39	27	28	0	25	621
T1857:	-77	-31	-8	-29	-19	-33	-44	-38	-47	-36	-49	-42	-37	-72	-39	-73	-90	-67	11	0	-21	-841
D1858:	20	17	-81	3	26	-8	14	30	36	33	24	-16	33	11	33	3	8	27	29	0	7	249
S1859:	-11	-20	-12	5	7	-16	-11	0	2	2	-13	-49	17	-11	10	-91	-59	-21	14	0	5	-252
D1860:	-3	18	-80	-35	35	-6	23	31	4	39	30	-44	-3	-20	36	-30	-29	25	41	0	36	68
V1861:	10	19	59	52	21	51	46	-62	52	7	-5	47	50	36	49	8	24	-85	36	0	29	444
I1862:	26	20	53	49	17	44	35	-87	48	-41	-9	41	40	36	46	28	27	-36	26	0	25	388
I1863:	13	18	59	51	10	47	39	-87	49	-36	-6	47	23	37	46	31	29	-72	23	0	2	323
R1864:	12	21	68	55	33	55	22	29	-1	31	18	46	50	26	-76	34	36	26	39	0	27	551
E1865:	19	18	-35	-85	39	52	29	36	50	39	28	43	33	-23	47	37	37	31	44	0	36	475
D1866:	-5	-6	-88	-16	12	6	3	12	10	11	0	-9	19	-13	13	-50	-32	7	14	0	13	-99
E1867:	5	4	12	-87	20	34	6	16	37	20	9	25	25	-1	33	20	15	12	24	0	19	248
P1868:	18	20	52	44	31	24	18	23	2	26	16	27	-82	20	33	26	22	25	33	0	31	409
S1869:	-40	-41	-20	-22	7	-19	-16	-24	-36	-26	-10	-41	-21	-44	-34	-94	-86	-31	16	0	9	-573
S1870:	17	17	50	35	36	38	25	36	25	37	24	24	44	20	35	-92	11	32	46	0	36	496
L1871:	45	24	70	64	27	64	36	10	67	-86	4	53	68	50	61	47	37	16	55	0	40	752
I1872:	51	37	79	74	52	73	72	-91	76	-33	-27	70	78	63	73	59	53	-72	66	0	61	814
A1873:	-92	-1	46	40	39	-24	-6	26	-13	35	21	19	50	21	31	-52	10	20	47	0	31	248
F1874:	50	35	74	70	-65	67	58	41	72	48	20	66	74	60	67	53	58	44	52	0	35	979
C1875:	42	-81	79	75	48	73	70	65	74	68	64	54	82	72	71	59	54	58	55	0	47	1129
L1876:	-7	20	64	54	15	50	46	2	54	-89	-18	51	53	37	49	33	23	7	36	0	25	505
S1877:	-31	-8	-8	-7	15	-11	1	12	-27	11	-3	-53	23	-1	12	-90	-61	3	19	0	17	-187
T1878:	-31	-2	15	-1	27	18	1	-46	-8	23	4	-30	-9	-41	-16	-78	-92	-33	34	0	26	-239
S1879:	-40	-12	-44	-60	5	-45	-80	-25	-64	-30	-14	-86	-54	-67	-72	-94	-67	-36	8	0	-34	-911
D1880:	-11	-5	-88	-16	11	4	-5	9	12	11	-4	-12	16	-13	10	-42	-14	5	14	0	8	-110
Y1881:	47	37	65	59	1	61	47	35	67	39	38	56	61	49	64	50	30	36	30	0	-76	796
R1882:	2	17	39	16	38	26	-22	29	-81	3	20	-7	17	-33	-66	-13	-11	3	39	0	31	47
N1883:	-22	2	-19	-31	-14	-35	-55	-19	-43	-19	-32	-81	-15	-90	-46	-57	-52	-24	-13	0	-19	-684
K1884:	30	28	55	47	39	47	18	31	-70	35	22	28	50	24	-7	29	31	32	40	0	36	545
M1885:	7	30	62	59	9	53	44	-38	55	-16	-82	53	37	43	52	37	13	-18	36	0	30	466
M1886:	-26	-7	32	15	-33	16	-7	-27	-13	-53	-71	2	10	-7	-4	-17	-22	-35	-9	0	-39	-295
N1887:	-35	-18	-24	-45	-7	-41	-31	-15	-43	-16	-26	-71	-12	-51	-30	-67	-51	-24	15	0	-10	-602
L1888:	17	16	37	33	-28	23	9	-54	27	-76	-48	19	18	8	21	5	2	-35	4	0	-32	-34
N1889:	-23	-1	-35	-41	-11	-26	-35	-20	-35	-15	-23	-67	-18	-51	-29	-44	-43	-22	9	0	4	-526
V1890:	-35	-4	9	-12	-9	4	6	-51	-28	-47	-41	-2	5	-30	-11	-32	-35	-65	28	0	-13	-363
Q1891:	-13	10	-19	-16	11	11	-23	-13	-35	-8	-18	-27	0	-74	-23	-46	-27	-8	10	0	10	-298
Q1892:	-14	24	7	-21	-29	18	-13	-7	-29	-11	-21	-5	14	-68	-17	-19	-19	-7	21	0	14	-182
Q1893:	-36	-14	-24	-44	-12	-9	-37	-24	-55	-26	-40	-38	-14	-77	-48	-55	-39	-23	1	0	-16	-630
Q1894:	-3	22	9	-35	21	24	-13	4	-18	5	-15	-3	17	-60	-8	-7	1	2	25	0	19	-13
Q1895:	-1	16	16	-5	-23	23	-26	-5	-37	-9	-21	1	9	-72	-32	-11	-10	-3	12	0	-7	-185
Q1896:	-14	-2	-4	-35	1	15	-13	-7	-37	-15	-23	-16	-1	-65	-22	-25	-20	-7	16	0	-7	-281
Q1897:	-11	4	-14	-11	-3	5	-28	-9	-40	-9	-22	-43	1	-60	-22	-27	-19	-7	3	0	-12	-324
T1898:	-25	4	1	-20	16	-4	-17	-12	-56	-2	-15	-30	-6	-36	-19	-60	-80	-19	33	0	3	-344
A1899:	-64	-21	4	-13	-38	-17	-10	-39	-23	-36	-36	-22	1	-22	-16	-38	-53	-44	19	0	-25	-493
E1900:	-16	12	-19	-71	24	15	-9	-6	-9	-14	-9	-11	23	-33	-15	-21	-18	-11	28	0	24	-136
A1901:	-82	-39	4	-9	-19	-21	-27	-47	-23	-48	-50	-25	-34	-35	-15	-38	-38	-64	14	0	-23	-619
A1902:	-86	-50	-27	-50	-46	-46	-46	-63	-53	-62	-64	-47	-33	-59	-46	-65	-77	-77	-10	0	-47	-1054
P1903:	-31	-14	-42	-36	-6	-17	-30	-24	-35	-26	-26	-36	-74	-39	-21	-46	-49	-30	1	0	-9	-590
A1904:	-80	-49	-21	-23	-56	-41	-52	-74	-66	-71	-61	-49	-40	-56	-48	-61	-65	-84	-40	0	-59	-1096
K1905:	-19	9	-36	-28	22	2	-22	-11	-83	-11	-18	-38	-9	-31	-59	-31	-25	-13	26	0	21	-354
T1906:	-36	-17	-10	-32	-5	-22	-21	-34	-38	-29	-24	-36	-18	-39	-23	-55	-77	-33	2	0	-10	-557
G1907:	-37	-6	-10	-29	-1	-53	-18	-3	-31	-8	-25	-30	-17	-43	-18	-49	-32	-13	26	0	-8	-405
G1908:	-23	-1	-2	-31	3	-51	-21	-7	-32	-6	-16	-29	-4	-47	-54	-49	-33	-12	28	0	-3	-390
N1909:	-21	-5	-17	-39	0	-19	-34	-21	-33	-15	-21	-71	-9	-44	-26	-48	-45	-32	26	0	-6	-480
S1910:	-46	-17	-19	-37	1	-10	-32	-10	-46	-14	-18	-44	-12	-50	-36	-86	-80	-24	30	0	0	-550
G1911:	-38	-10	-6	-29	-8	-59	-34	-10	-37	-12	-26	-30	-16	-47	-30	-62	-37	-22	-3	0	-19	-535
G1912:	-15	4	13	-20	2	-47	-17	0	-26	-14	-19	-25	5	-31	-19	-46	-25	-6	11	0	-8	-283
T1913:	-40	-16	-26	-52	-10	-34	-40	-18	-47	-24	-29	-45	-23	-73	-31	-64	-80	-32	-4	0	-16	-704
T1914:	-28	-5	-2	-28	0	-17	-14	-10	-36	-21	-17	-31	-3	-36	-18	-61	-77	-19	27	0	27	-369
Q1915:	-19	6	-5	-30	4	11	-21	-5	-48	-8	-20	-14	-3	-69	-29	-35	-29	-6	4	0	-7	-323
T1916:	-37	-22	-20	-54	-14	-32	-39	-19	-67	-28	-34	-47	-23	-57	-43	-68	-81	-29	-13	0	-23	-750
G1917:	-22	-5	-1	-31	3	-49	-17	-7	-25	-17	-23	-26	-5	-42	-19	-45	-26	-11	27	0	0	-341
D1918:	-22	-8	-61	-53	-21	-10	-13	-9	-24	-8	-21	-25	2	-39	-17	-42	-42	-13	20	0	7	-399
P1919:	-43	-18	-18	-30	-11	-11	-22	-27	-45	-29	-28	-44	-69	-52	-32	-44	-47	-40	2	0	-16	-624
S1920:	-42	-6	-51	-59	11	-19	-39	-16	-56	-20	-30	-54	-23	-55	-45	-84	-58	-26	13	0	13	-646
V1921:	-31	-12	0	-29	-17	-2	-1	-46	-34	-50	-42	-15	-3	-34	-20	-67	-42	-68	19	0	14	-480
N1922:	-29	-7	-31	-50	-5	-26	-45	-17	-60	-15	-24	-77	-11	-52	-40	-60	-50	-24	-4	0	-16	-643
I1923:	-14	-17	27	8	-37	12	-12	-74	-6	-65	-51	-4	8	-13	-34	-22	-27	-55	-2	0	-40	-418
S1924:	-54	-31	-38	-74	-16	-32	-45	-23	-65	-29	-34	-54	-30	-63	-51	-86	-72	-36	15	0	-19	-837
P1925:	-29	5	-26	-52	16	-9	-27	-16	-54	-18	-26	-38	-67	-49	-27	-44	-42	-21	20	0	16	-488
S1926:	-49	-45	-32	-37	-45	-39	-66	-37	-49	-43	-43	-57	-35	-49	-45	-79	-61	-48	-25	0	-52	-936
V1927:	-29	-8	0	-19	-24	-5	2	-58	-24	-50	-43	-7	-4	-37	-14	-30	-36	-68	20	0	-13	-447
S1928:	-28	4	-4	-41	-3	-9	-25	-1	-40	-7	-13	-59	-1	-38	-20	-81	-50	-10	20	0	22	-384
T1929:	-36	-18	-2	-17	-29	-18	-37	-23	-21	-30	-29	-29	-8	-37	-24	-53	-74	-40	-2	0	-39	-566
T1930:	-41	-27	-27	-48	-14	-33	-31	-28	-53	-26	-32	-49	-27	-55	-35	-64	-81	-34	9	0	-18	-714
S1931:	-44	-7	-31	-52	6	-30	-49	-19	-63	-20	-28	-69	-25	-60	-41	-86	-69	-28	14	0	9	-692
H1932:	-20	0	-14	-24	-23	-3	-72	-19	-27	-23	-19	-39	-12	-35	-30	-39	-35	-26	-7	0	-47	-514
N1933:	-17	1	-23	-41	8	-23	-35	-6	-39	-4	-10	-69	0	-41	-27	-53	-45	-11	28	0	5	-402
K1934:	-19	-9	-3	-35	19	2	-21	-15	-79	-15	-19	-28	-8	-37	-46	-35	-29	-18	19	0	18	-358
G1935:	-31	-8	-5	-27	-19	-57	-37	-14	-35	-17	-20	-42	-17	-42	-32	-51	-38	-22	-2	0	-34	-550
R1936:	-17	0	18	-3	6	17	-21	-8	-53	-18	-16	-16	8	-29	-67	-37	-38	-9	8	0	-3	-278
D1937:	-23	2	-71	-66	32	-18	-20	1	-37	4	-5	-49	-5	-41	-17	-59	-48	-5	34	0	30	-361
S1938:	-50	-32	-45	-61	-18	-42	-48	-26	-61	-28	-32	-63	-37	-59	-44	-88	-73	-37	8	0	-24	-860
E1939:	-26	4	-36	-75	13	-6	-30	-14	-22	-11	-20	-26	-1	-44	-23	-32	-26	-21	11	0	9	-376
I1940:	-4	-3	31	23	-41	20	-10	-64	14	-59	-42	13	7	3	7	-11	-16	-43	-6	0	-44	-225
S1941:	-49	-32	-29	-51	-22	-29	-44	-28	-59	-33	-36	-58	-31	-58	-51	-85	-67	-36	-15	0	-23	-836
S1942:	-16	-17	1	-13	18	-3	-16	0	-17	-2	-11	-29	3	-21	-8	-78	-35	-6	25	0	16	-209
L1943:	-22	-15	4	-23	-33	-3	-8	-46	-30	-64	-58	-16	-4	-32	-13	-34	-41	-38	13	0	-27	-490
V1944:	-25	-8	10	-12	-14	0	-7	-53	-21	-48	-41	-7	-4	-28	-14	-31	-38	-61	-5	0	-24	-431
T1945:	-37	-15	-4	-40	-9	-22	-22	-17	-49	-16	-24	-40	-9	-43	-34	-65	-79	-26	14	0	-9	-546
T1946:	-29	-4	10	-20	27	-8	-8	-4	-34	-3	-15	-27	-3	-32	-17	-57	-73	-12	32	0	27	-250
K1947:	-16	8	9	-23	24	6	-23	-9	-80	-11	-19	-19	3	-29	-44	-28	-35	-11	24	0	20	-253
E1948:	-28	-1	-37	-75	9	-1	-25	-12	-25	-15	-18	-16	6	-45	-22	-40	-23	-20	5	0	7	-376
G1949:	-19	2	0	-13	10	-51	-11	2	-19	4	-5	-24	1	-29	-6	-47	-16	-1	32	0	5	-185
L1950:	-4	-15	25	14	-40	7	-21	-47	0	-73	-60	-5	-3	-12	-11	-24	-31	-37	-3	0	-44	-384
L1951:	-3	5	21	3	-14	17	13	-20	-12	-51	-43	5	7	-12	3	-17	-22	-13	27	0	-11	-117
N1952:	0	17	0	-1	22	-16	0	19	-6	25	13	-81	26	-35	-5	-51	-25	19	28	0	18	-33
T1953:	-49	-24	-8	-46	-9	-26	-28	-28	-57	-29	-37	-41	-16	-55	-31	-64	-78	-42	23	0	-13	-658
P1954:	-24	-13	-2	-18	5	6	-9	-12	-33	-10	-19	-26	-51	-33	-20	-38	-37	-13	25	0	7	-315
P1955:	-18	24	5	-11	36	13	3	9	-26	8	-7	-10	-48	-27	-8	-24	-23	3	39	0	35	-27
I1956:	7	-5	36	31	-6	29	18	-71	25	-48	-40	24	20	18	21	3	-15	-63	31	0	-1	14
E1957:	-6	12	2	-53	17	20	-1	19	6	15	11	9	36	-15	5	-2	5	10	21	0	10	121
G1958:	-20	6	13	-9	10	-50	-9	11	-5	14	3	-20	7	-22	2	-46	-9	4	40	0	6	-74
A1959:	-79	-46	-35	-48	-47	-53	-48	-59	-61	-56	-55	-50	-29	-61	-48	-71	-65	-59	0	0	-45	-1015
R1960:	0	17	37	13	31	33	1	16	-44	8	0	7	28	-18	-50	-13	-10	13	48	0	37	154
D1961:	-6	27	-58	-44	40	-11	-2	11	-13	18	7	-23	13	-27	0	-33	-31	7	46	0	39	-40
R1962:	-11	7	24	8	15	27	-2	2	-40	-2	-8	-5	5	-16	-55	-18	-12	0	34	0	31	-16
T1963:	-36	-16	-17	-37	-6	-30	-35	-23	-46	-23	-26	-41	-17	-44	-36	-66	-80	-30	14	0	-13	-608
P1964:	-12	10	10	-9	21	13	0	10	-19	6	-6	-24	-50	-22	6	-24	-18	7	37	0	33	-31
Q1965:	-35	-13	-25	-48	-14	-5	-38	-25	-55	-29	-41	-36	-13	-77	-43	-51	-45	-27	-2	0	0	-622
E1966:	-27	-12	-40	-74	-6	-2	-24	-12	-22	-13	-16	-24	0	-45	-22	-34	-29	-23	10	0	11	-404
S1967:	-41	-23	-22	-42	-5	-22	-38	-11	-52	-14	-25	-45	-27	-47	-34	-82	-64	-21	18	0	-8	-605
Q1968:	-39	-17	-32	-54	-18	-12	-48	-32	-59	-37	-43	-47	-26	-76	-45	-50	-47	-29	-2	0	-25	-738
T1969:	-4	-2	25	13	34	9	0	3	5	6	16	-16	8	-11	10	-46	-77	-1	35	0	30	37
H1970:	14	16	39	31	-5	30	-48	8	27	2	-3	1	25	-3	15	5	4	2	20	0	-31	149
S1971:	-32	-14	-14	-36	1	-21	-22	-6	-45	-11	-14	-45	-16	-42	-30	-73	-48	-17	21	0	19	-445
Q1972:	-35	-11	-21	-45	-12	4	-38	-26	-50	-30	-39	-30	-9	-74	-42	-44	-39	-22	7	0	-22	-578
A1973:	-70	-30	-15	-35	-21	-37	-21	-41	-52	-44	-41	-35	-11	-43	-36	-56	-47	-50	17	0	10	-658
N1974:	-14	2	-28	-43	10	-23	-38	-1	-38	-4	-11	-71	-10	-53	-27	-59	-45	-6	31	0	5	-423
L1975:	17	18	50	29	-20	38	27	-19	24	-54	-28	31	33	18	25	14	6	-14	18	0	-24	189
D1976:	-11	13	-76	-57	23	-12	-18	19	-8	5	7	-31	2	-36	-5	-31	-27	-4	20	0	21	-206
T1977:	-21	9	4	-30	22	-18	-11	-10	-24	-7	-14	-26	-15	-30	-9	-40	-68	-17	25	0	19	-261
L1978:	-12	-9	28	7	-34	20	4	-31	-8	-62	-47	7	11	-14	5	-24	-34	-35	5	0	-29	-252
Q1979:	-23	-8	-11	-31	-4	8	-29	-14	-37	-16	-30	-23	-6	-67	-23	-36	-21	-14	8	0	5	-372
E1980:	-7	7	-3	-49	16	22	8	7	0	9	5	4	31	-14	6	-2	2	-1	36	0	30	107
L1981:	38	26	58	53	-15	50	46	-21	54	-69	-34	47	48	40	48	41	34	12	32	0	23	511
E1982:	16	17	34	-52	24	38	20	20	38	28	21	33	46	17	34	28	26	20	26	0	23	457
K1983:	-3	27	28	8	35	30	-1	6	-60	7	-3	-3	23	-9	-25	-10	-2	3	40	0	21	112
I1984:	29	31	54	51	24	50	45	-63	48	-14	6	44	46	39	46	13	12	-3	32	0	26	516
M1985:	31	31	59	54	18	53	42	21	53	22	-72	47	50	35	50	42	39	27	29	0	25	656
T1986:	0	15	49	39	12	34	23	-13	29	-6	-2	28	34	19	37	-10	-74	-14	31	0	25	256
K1987:	24	22	55	45	35	46	21	24	-58	25	16	37	43	27	16	31	32	24	40	0	32	537
K1988:	32	24	45	32	36	38	25	33	-60	38	23	10	43	32	-1	10	19	32	43	0	35	489
T1989:	4	25	50	39	39	33	29	35	1	36	26	33	41	20	12	-15	-76	26	41	0	34	433
A1990:	-66	20	57	56	33	-8	39	20	48	22	19	43	45	40	41	-11	30	15	39	0	33	515
T1991:	14	16	66	40	26	53	43	-3	34	11	6	25	36	41	52	16	-27	-17	49	0	22	503
H1992:	52	52	71	70	50	65	-52	54	72	56	49	58	77	60	66	56	59	53	63	0	49	1080
L1993:	50	42	73	70	37	66	64	26	67	-61	29	65	68	60	65	59	54	27	53	0	45	959
R1994:	48	45	79	70	62	68	51	53	16	59	51	62	73	51	-55	57	53	53	67	0	61	1024
Y1995:	73	58	82	83	48	79	71	63	86	68	72	79	85	80	84	78	79	61	69	0	-45	1353
Q1996:	24	27	50	35	27	48	20	24	37	29	15	34	50	-86	37	27	29	21	35	0	19	502
F1997:	77	66	88	86	-44	84	81	69	87	74	69	84	84	82	84	81	81	71	67	0	29	1400
E1998:	-13	20	-21	-83	41	25	23	37	11	0	27	7	28	-49	14	-10	-12	-9	43	0	38	117
E1999:	35	34	-59	-48	55	62	38	51	65	57	47	53	76	43	68	47	50	46	54	0	49	823
G2000:	-21	25	11	10	43	-84	-24	4	3	8	33	-27	1	-47	-4	-42	-14	-3	51	0	45	-32
L2001:	-5	4	30	8	-13	18	17	-25	-1	-55	-42	12	25	-5	8	-6	-17	-22	21	0	-12	-60
T2002:	36	35	70	61	52	52	44	46	62	49	38	54	64	48	63	-23	-80	12	50	0	49	782
V2003:	29	43	76	71	63	72	73	-44	75	6	54	45	78	68	73	62	16	-80	78	0	72	930
M2004:	50	36	76	73	42	66	63	37	72	9	-71	70	77	61	72	60	61	38	54	0	48	994
S2005:	29	33	57	50	50	43	47	45	52	51	45	38	65	45	53	-76	29	44	64	0	52	816
C2006:	53	-65	81	79	70	77	77	70	79	76	70	77	81	75	78	67	67	62	76	0	75	1325
K2007:	71	71	89	86	85	82	78	77	-65	83	76	82	89	76	74	74	70	78	88	0	83	1447
I2008:	55	26	75	71	51	73	73	-83	79	-12	41	72	79	69	76	62	54	-48	69	0	62	944
F2009:	59	49	82	78	-61	75	66	57	81	63	54	76	85	72	77	70	68	58	61	0	53	1223
F2010:	60	49	88	85	-66	80	75	62	88	68	62	83	89	78	83	75	76	63	70	0	-7	1261
T2011:	-58	-32	-5	-10	-32	-38	-58	-27	-7	-30	-33	-56	37	-40	-12	-86	-93	-42	4	0	-57	-675
E2012:	27	27	-30	-92	52	4	35	47	48	45	30	28	71	18	58	29	32	38	53	0	48	568
H2013:	40	39	41	26	53	24	-90	49	38	58	49	2	75	-34	25	8	47	56	64	0	48	618
F2014:	64	54	89	85	-74	82	83	70	89	76	64	84	90	82	87	79	79	70	77	0	64	1394
D2015:	-12	24	-88	-73	46	46	38	50	14	57	48	29	65	-18	57	25	30	47	60	0	50	495
V2016:	-32	10	61	54	43	49	57	5	62	34	20	60	62	45	60	42	29	-60	59	0	56	716
F2017:	49	34	78	73	-80	65	63	36	76	50	26	71	79	63	72	61	59	43	55	0	45	1018
R2018:	82	81	94	90	91	90	83	89	82	90	85	88	93	81	-61	86	86	89	92	0	90	1601
K2019:	35	35	64	20	58	50	36	50	-84	52	41	49	65	30	-53	31	39	47	66	0	54	685
I2020:	-35	-48	28	8	-35	14	1	-88	-22	-66	-59	8	19	-12	-8	-36	-45	-82	40	0	-13	-431
C2021:	44	-86	74	73	56	72	64	54	73	60	57	67	79	67	71	61	61	51	63	0	57	1118
D2022:	-4	-14	-68	-21	38	-52	-10	39	4	46	37	-51	23	-19	46	-30	-21	37	49	0	43	72
C2023:	10	-89	22	51	59	15	29	48	42	53	51	-16	55	36	41	9	19	35	71	0	38	579
Q2024:	-58	1	-67	-74	10	-33	-73	-48	-70	-48	-65	-66	-35	-94	-60	-63	-62	-48	11	0	-3	-945
E2025:	27	38	-30	-88	57	62	52	56	57	60	40	55	78	32	70	49	53	51	64	0	53	836
N2026:	20	39	28	19	54	16	39	54	18	34	44	-72	42	-1	20	-19	-22	30	63	0	53	459
F2027:	68	59	88	84	-30	82	81	66	88	74	66	84	90	81	86	78	78	70	76	0	62	1431
I2028:	23	-8	62	55	20	58	56	-90	60	-1	-4	55	66	35	53	43	40	-52	46	0	40	557
Q2029:	10	17	45	31	33	43	27	32	42	32	9	33	61	-79	49	29	37	21	38	0	19	529
S2030:	44	48	69	69	66	64	67	62	71	68	59	59	80	63	72	-64	52	63	77	0	69	1158
L2031:	62	50	84	81	55	80	80	37	82	-61	45	78	85	75	81	74	71	45	71	0	70	1245
S2032:	17	14	52	48	43	40	34	40	51	44	30	34	64	39	47	-76	18	40	58	0	46	683
R2033:	44	42	77	69	62	64	45	57	45	59	49	59	76	46	-66	52	49	56	69	0	60	1014
C2034:	39	-72	77	71	61	72	66	51	71	62	55	65	76	69	70	50	52	48	67	0	60	1110
V2035:	31	28	64	58	27	54	52	-57	54	9	5	50	51	38	51	39	31	-82	41	0	33	577
K2036:	36	33	70	58	46	62	33	35	-63	38	28	49	57	38	25	46	47	36	50	0	44	768
W2037:	72	60	83	76	55	79	77	68	83	65	62	78	85	72	81	75	75	67	-36	0	59	1336
D2038:	16	3	-79	2	21	-9	-24	16	24	26	15	-43	37	2	21	-27	-5	13	27	0	22	58
S2039:	9	12	49	37	27	33	13	31	33	27	14	21	33	20	28	-83	7	24	34	0	30	399
N2040:	30	30	41	35	36	28	10	35	31	39	25	-65	45	5	28	-64	-42	34	45	0	35	361
G2041:	52	55	78	74	70	-54	71	67	80	70	62	68	74	66	76	51	63	65	74	0	73	1235
G2042:	54	60	80	78	71	-55	75	72	82	72	71	73	82	72	81	60	71	69	77	0	76	1321
K2043:	66	65	88	85	77	82	73	74	-44	75	68	82	87	70	70	75	79	72	81	0	75	1400
S2044:	60	58	80	76	73	78	73	77	79	78	70	75	84	70	80	-68	62	76	82	0	77	1340
G2045:	60	66	82	82	82	-71	78	80	83	82	77	73	87	74	84	64	71	78	85	0	83	1400
S2046:	27	34	67	62	64	62	56	63	63	65	50	52	75	49	65	-87	35	60	74	0	65	1001
G2047:	34	60	69	83	81	-31	81	74	85	79	78	44	85	81	84	44	72	73	85	0	83	1344
F2048:	74	63	92	89	-63	87	86	69	91	77	66	89	93	85	89	84	83	72	76	0	72	1474
L2049:	62	48	88	84	62	84	80	45	84	-54	48	83	87	77	82	77	75	49	77	0	74	1312
K2050:	64	59	87	84	71	79	70	72	-29	71	63	80	87	71	75	73	71	68	81	0	70	1367
T2051:	50	46	73	67	66	69	66	64	77	65	52	64	76	64	76	41	-83	61	68	0	68	1130
L2052:	59	48	77	74	52	71	72	36	73	-66	30	69	73	65	72	66	63	39	64	0	55	1092
D2053:	71	64	-62	66	80	80	75	81	83	86	83	72	88	74	85	66	69	80	85	0	83	1409
D2054:	26	56	-61	16	71	33	68	76	51	78	69	23	82	60	77	26	27	75	80	0	76	1009
R2055:	65	62	87	82	76	78	66	72	62	76	70	73	82	64	-55	71	68	73	77	0	75	1324
F2056:	62	45	80	77	-58	71	69	56	78	57	38	74	80	70	74	68	62	56	54	0	3	1116
I2057:	47	15	71	67	32	67	64	-76	69	-17	17	66	72	60	67	54	45	-64	56	0	45	757
I2058:	48	25	77	74	45	74	72	-86	76	-36	36	71	78	69	73	64	61	-42	68	0	61	908
K2059:	69	69	90	86	83	83	78	80	-48	81	75	84	90	74	79	76	77	78	87	0	82	1473
E2060:	52	53	70	-43	74	75	71	71	80	73	64	72	86	62	83	61	69	70	77	0	71	1291
L2061:	55	37	80	77	54	75	71	22	77	-78	21	73	79	65	74	67	61	23	67	0	62	1062
S2062:	7	0	44	30	31	28	12	29	20	38	19	9	38	7	23	-90	-52	26	46	0	33	298
H2063:	49	51	76	70	52	67	-83	55	33	59	51	62	78	52	27	51	67	54	66	0	49	986
A2064:	-65	10	54	49	40	35	37	20	42	30	20	-12	52	26	35	-73	-44	18	45	0	34	353
E2065:	71	71	78	-50	84	86	84	84	87	86	80	85	92	78	89	79	81	82	88	0	83	1518
L2066:	42	25	78	71	41	71	65	-7	74	-67	21	71	79	62	71	60	54	-8	61	0	51	915
E2067:	6	8	-78	-74	33	34	17	29	29	33	17	18	61	6	36	16	23	26	40	0	27	307
A2068:	-63	21	56	58	59	10	52	46	55	49	42	45	60	45	51	-20	30	37	60	0	52	745
F2069:	53	40	82	76	-69	73	73	55	82	51	41	75	83	73	80	67	69	56	62	0	54	1176
I2070:	30	-4	67	58	23	61	51	-93	59	11	6	58	71	43	57	41	38	-69	55	0	45	608
K2071:	40	40	45	59	64	35	44	58	-76	59	48	11	73	42	1	-1	46	55	71	0	61	775
F2072:	46	27	74	67	-70	65	54	0	71	16	20	63	76	59	65	57	54	43	47	0	12	846
A2073:	-84	11	62	61	57	34	54	41	56	49	32	49	65	49	53	-16	-16	38	60	0	55	710
P2074:	21	43	73	65	59	60	49	51	59	57	47	63	-79	51	63	21	53	49	68	0	61	934
S2075:	-54	-44	-29	-32	-47	-46	-69	-36	-45	-43	-40	-72	-23	-55	-50	-91	-71	-45	-12	0	-60	-964
Y2076:	70	67	88	87	63	85	79	79	92	81	84	87	94	86	91	86	85	72	83	0	-45	1514
F2077:	71	64	89	85	-24	84	79	75	89	79	72	84	90	83	87	80	80	72	81	0	66	1486
E2078:	18	22	23	-82	47	48	40	48	8	49	29	36	72	24	55	32	36	43	56	0	44	648
Y2079:	65	59	82	83	57	76	67	69	88	76	77	78	88	81	86	79	80	66	77	0	-23	1411
M2080:	47	37	76	76	46	70	69	-11	77	3	-79	71	81	62	75	65	65	29	64	0	53	976
A2081:	-58	23	66	61	65	15	56	54	59	64	55	54	70	51	57	-26	34	49	67	0	65	881
Q2082:	25	25	43	35	43	44	29	44	50	46	29	36	65	-84	53	26	32	33	47	0	31	652
A2083:	-62	26	65	67	65	51	55	55	63	62	54	52	71	58	59	-13	40	52	70	0	59	949
M2084:	38	25	67	64	33	60	51	26	64	-8	-80	58	64	44	61	50	48	30	47	0	34	776
F2085:	59	50	77	73	-60	71	67	49	77	58	51	71	79	67	72	66	66	53	55	0	51	1152
H2086:	49	47	69	69	52	64	-78	54	75	56	49	53	81	52	67	52	60	54	62	0	50	1037
D2087:	45	42	-77	-28	61	62	57	61	64	68	61	59	72	-2	63	41	-10	61	72	0	67	839
L2088:	54	39	78	73	51	72	67	30	72	-75	39	69	73	61	67	63	59	33	62	0	55	1042
P2089:	24	45	59	60	59	59	45	50	57	54	40	52	-66	46	58	29	18	45	62	0	57	853
T2090:	73	67	88	87	82	84	82	81	89	82	72	81	88	82	89	63	-66	77	81	0	82	1464
T2091:	-19	43	65	66	61	29	54	54	71	67	50	54	73	59	72	-22	-66	51	68	0	61	891
L2092:	71	61	92	89	73	90	89	28	90	-46	61	89	92	85	89	84	81	27	85	0	83	1413
A2093:	-65	31	75	73	74	65	72	60	69	67	56	66	73	65	68	42	45	53	77	0	75	1141
K2094:	79	80	94	91	89	89	84	87	-26	88	83	89	93	84	80	84	87	86	89	0	87	1617
V2095:	12	20	74	68	66	65	67	-52	74	16	54	66	75	65	71	53	39	-73	72	0	67	899
F2096:	54	26	83	78	-63	74	71	54	83	11	48	77	86	74	79	68	63	51	61	0	47	1125
G2097:	50	57	75	81	77	-72	80	76	85	76	73	75	88	79	84	62	73	73	83	0	83	1358
F2098:	44	18	80	71	-57	69	65	45	78	23	35	73	83	66	76	63	63	45	64	0	49	1053
Y2099:	69	58	86	86	-8	81	66	70	89	71	76	84	91	82	88	82	81	66	74	0	-70	1322
Q2100:	60	55	78	72	76	73	71	75	79	75	67	73	86	-73	80	63	64	71	77	0	65	1287
I2101:	57	33	81	79	50	78	76	-88	81	32	38	75	82	73	77	67	65	20	72	0	62	1110
Q2102:	20	17	48	28	29	41	8	25	40	32	9	33	53	-90	36	20	18	19	29	0	20	435
V2103:	48	38	74	72	47	66	62	-59	74	-8	35	67	72	65	71	61	16	-73	63	0	54	845
K2104:	53	47	80	73	64	69	52	58	-69	55	48	67	74	53	-38	57	59	54	67	0	60	983
S2105:	17	15	28	46	36	3	26	34	40	37	24	-60	54	21	34	-58	12	31	48	0	38	426
S2106:	-12	-8	28	19	40	7	31	11	4	12	31	-8	7	-13	6	-75	-58	6	51	0	42	121
I2107:	32	25	60	59	14	70	66	-68	53	-25	-16	66	49	42	51	37	21	-47	55	0	51	595
S2108:	23	38	69	62	52	30	47	56	54	56	44	12	65	47	55	-69	-52	52	66	0	57	764
S2109:	1	27	30	23	44	-48	29	43	5	44	33	-34	18	-5	9	-61	-38	38	54	0	49	261
S2110:	-45	-18	13	0	6	-32	-25	-3	-17	0	-11	-33	-6	-20	-7	-83	-63	-14	39	0	2	-317
K2111:	41	35	71	60	56	58	38	50	-72	50	37	57	67	44	38	50	49	47	59	0	53	888
S2112:	12	9	40	26	29	25	10	27	25	31	13	-47	41	12	25	-91	-59	25	41	0	34	228
Y2113:	63	53	80	77	-18	74	65	59	80	63	61	75	82	73	77	70	71	55	58	0	-58	1160
K2114:	63	62	88	83	75	82	67	72	-55	73	66	79	86	69	69	72	73	69	80	0	73	1346
M2115:	43	27	71	68	40	61	60	33	70	34	-79	66	74	50	67	57	54	30	51	0	45	922
D2116:	62	61	-26	70	72	77	77	77	82	80	77	49	85	74	81	67	69	77	80	0	80	1371
V2117:	48	36	77	71	32	71	66	-3	76	4	55	70	78	73	75	63	58	-62	79	0	68	1035
I2118:	44	27	70	70	43	68	67	-82	71	-33	25	66	73	62	68	57	54	-26	65	0	59	848
I2119:	59	41	83	81	67	81	81	-66	84	59	55	80	85	77	82	75	73	46	80	0	77	1300
M2120:	58	45	85	84	64	79	81	49	86	56	-74	81	89	74	84	76	77	45	77	0	65	1281
E2121:	48	50	62	-71	72	66	63	70	74	71	62	64	84	53	74	59	66	65	77	0	68	1177
N2122:	64	64	73	76	81	71	66	80	78	80	76	-62	83	68	78	59	62	79	86	0	76	1338
L2123:	61	42	79	76	55	77	74	35	78	-65	32	75	79	70	76	69	63	36	65	0	65	1142
F2124:	67	54	84	81	-46	81	75	60	82	65	59	81	86	78	81	76	74	63	63	0	61	1325
Y2125:	71	58	85	84	47	82	71	62	88	70	74	79	84	79	85	79	79	62	62	0	-65	1336
E2126:	13	44	-34	-71	66	30	6	66	46	69	54	-14	60	1	42	16	12	64	73	0	65	608
K2127:	46	42	77	54	61	66	4	58	-59	56	42	61	70	25	-26	54	55	54	64	0	54	858
K2128:	47	46	73	68	61	68	44	55	-50	56	47	33	68	52	16	54	56	53	66	0	56	969
T2129:	40	42	66	64	54	57	52	52	63	51	42	53	38	52	66	2	-77	47	57	0	55	876
T2130:	45	49	72	71	63	69	60	55	72	62	53	63	78	60	73	-29	-69	55	70	0	64	1036
R2131:	46	36	81	70	60	68	53	52	50	57	43	64	75	48	-51	59	56	54	67	0	56	1044
I2132:	53	38	79	76	49	78	68	-85	74	42	32	70	79	65	68	63	57	24	68	0	65	1063
F2133:	63	47	81	79	-56	75	67	50	79	65	57	75	79	72	77	70	70	62	57	0	52	1221
D2134:	62	62	-56	62	75	79	72	74	83	81	77	72	84	67	81	65	69	73	82	0	80	1344
L2135:	67	61	88	86	67	86	85	50	86	-49	59	86	88	82	84	81	79	53	82	0	78	1399
K2136:	66	66	88	83	79	80	72	75	-57	76	69	81	87	70	72	73	75	72	84	0	77	1388
G2137:	54	62	82	82	77	-48	78	75	85	75	70	72	80	72	83	61	69	72	83	0	82	1366
S2138:	41	29	67	60	52	62	53	48	59	52	37	47	65	44	62	-73	-3	51	65	0	61	879
M2139:	50	39	73	72	45	70	67	35	72	34	-74	68	73	58	69	62	61	37	52	0	50	1013
R2140:	57	49	85	75	62	77	56	56	58	62	54	73	80	59	-51	70	65	57	68	0	59	1171
N2141:	45	44	63	57	53	37	40	56	53	60	49	-66	69	39	54	26	36	53	67	0	48	883
R2142:	64	64	89	84	76	84	70	73	71	74	68	82	87	70	-41	79	75	73	82	0	73	1397
H2143:	43	36	58	54	29	55	-82	35	52	39	27	40	55	35	45	41	44	34	34	0	20	694
V2144:	46	43	73	69	43	66	66	12	68	41	33	60	62	60	68	59	44	-82	57	0	43	931
E2145:	9	7	-27	-86	15	31	-1	11	-19	17	4	20	41	-1	19	17	11	5	19	0	16	108
Q2146:	-12	-8	11	-4	-8	19	-32	-16	-9	-13	-29	-1	3	-94	-12	-6	-14	-17	-11	0	-15	-268
T2147:	-4	-4	26	15	10	8	-3	1	5	7	-7	-1	11	-6	7	-18	-93	-3	11	0	5	-33
G2148:	36	38	63	58	51	-64	46	51	54	52	44	47	58	40	53	32	47	48	54	0	53	861
K2149:	26	18	51	10	29	43	13	19	-85	22	11	27	39	18	4	29	26	20	35	0	28	383
A2150:	-60	2	11	-47	26	-23	22	13	-13	17	10	28	1	-24	26	-28	19	3	32	0	24	39
N2151:	35	32	42	38	45	27	17	43	35	47	32	-86	52	19	40	18	22	41	52	0	41	592
E2152:	36	35	48	-67	49	58	41	46	58	51	41	50	71	-9	57	48	47	43	56	0	47	806
V2153:	47	31	71	67	44	63	58	18	66	34	25	62	64	52	60	56	36	-84	59	0	44	873
L2154:	52	37	73	69	37	68	59	25	68	-77	17	66	63	60	64	59	52	30	49	0	43	914
L2155:	50	38	74	70	29	66	66	12	69	-82	12	64	68	60	65	58	52	17	52	0	41	881
D2156:	37	34	-77	30	49	52	47	55	55	61	53	50	67	42	61	35	35	53	59	0	56	854
E2157:	30	32	39	-81	52	55	31	49	53	45	34	51	74	31	59	45	47	43	55	0	41	785
N2158:	14	6	19	17	22	7	-4	16	10	22	10	-87	25	-4	14	-7	-6	14	31	0	21	140
M2159:	38	28	60	63	25	56	52	23	62	19	-84	52	64	47	58	49	46	24	35	0	33	750
V2160:	39	26	65	64	39	63	60	-47	64	38	25	58	67	56	62	55	48	-76	57	0	49	812
E2161:	11	9	25	-73	23	43	28	28	46	35	21	33	62	22	48	30	30	26	34	0	29	510
Y2162:	50	38	67	71	25	66	58	43	75	51	50	62	77	62	69	61	62	43	51	0	-50	1031
I2163:	42	31	61	60	33	60	55	-77	60	23	17	51	65	50	57	45	43	22	48	0	42	788
Y2164:	54	41	72	69	-6	67	52	45	73	49	52	63	73	61	66	64	62	45	37	0	-61	978
E2165:	31	30	47	-76	53	55	40	53	61	55	42	52	73	40	61	47	44	47	60	0	51	866
S2166:	14	8	39	30	34	29	16	30	27	32	11	12	49	9	28	-89	-1	29	48	0	37	392
P2167:	39	40	65	62	51	55	40	45	49	47	35	53	-79	42	61	52	50	44	54	0	51	856
I2168:	60	45	77	75	44	73	70	-84	77	26	33	71	76	69	75	64	63	-15	66	0	62	1027
H2169:	26	21	50	44	-9	37	-68	17	42	2	13	17	48	20	26	25	30	16	25	0	-5	377
V2170:	37	12	68	63	30	59	59	-7	66	23	14	58	65	53	62	50	42	-91	57	0	48	768
R2171:	32	27	70	56	52	15	32	42	-44	43	30	43	57	-20	-88	38	33	41	59	0	48	566
E2172:	23	26	38	-84	49	57	44	46	56	51	38	45	69	28	62	40	46	41	57	0	44	776
Y2173:	45	34	70	69	20	59	16	39	72	44	41	56	70	58	67	57	55	37	37	0	-74	872
D2174:	42	40	-71	41	58	54	55	60	60	66	57	14	69	42	64	-5	34	60	64	0	64	868
K2175:	47	48	80	76	67	67	51	66	-78	64	55	66	78	51	42	54	56	62	74	0	59	1085
K2176:	9	8	39	30	29	31	4	19	-91	21	8	13	38	2	-53	7	11	15	35	0	25	200
L2177:	25	3	60	47	15	52	44	-3	48	-89	-15	47	56	35	41	35	30	-7	35	0	31	490
L2178:	55	38	80	76	38	74	72	29	77	-75	20	73	79	68	74	66	62	33	62	0	57	1058
R2179:	45	35	75	68	60	64	51	54	44	57	48	56	76	47	-54	49	50	57	69	0	60	1011
A2180:	-89	-20	38	36	28	-48	19	3	26	21	-1	18	35	13	20	-9	-4	3	40	0	23	152
S2181:	34	36	67	61	58	60	54	56	63	62	50	51	75	53	64	-77	31	57	69	0	60	984
V2182:	49	36	76	72	56	71	67	28	75	-60	38	70	76	68	74	62	55	-44	74	0	67	1010
W2183:	65	46	81	76	22	76	75	63	83	68	64	77	89	70	80	73	75	60	-69	0	22	1196
N2184:	27	28	49	41	51	33	17	46	38	52	39	-87	64	25	40	13	21	47	64	0	49	657
D2185:	74	74	-71	75	83	82	84	85	88	87	84	81	89	79	88	75	78	84	88	0	86	1493
T2186:	39	33	67	66	65	61	56	58	70	62	52	57	72	55	71	25	-88	42	69	0	62	994
L2187:	-13	-13	53	47	-29	42	36	-54	41	-93	-68	36	50	26	36	-20	-30	-48	27	0	18	44
F2188:	48	28	76	69	-74	65	62	44	74	42	30	67	79	60	71	58	56	41	45	0	36	977
L2189:	54	40	84	79	51	81	79	35	80	-84	27	79	85	72	79	71	69	33	72	0	68	1154
A2190:	-79	-5	55	40	43	31	34	25	35	33	25	37	52	26	31	-35	16	20	47	0	42	473
K2191:	22	49	73	68	70	45	57	64	-72	67	58	64	78	48	2	16	52	59	76	0	65	961
M2192:	48	35	76	74	44	70	64	1	76	5	-79	64	79	56	70	62	65	35	58	0	49	952
N2193:	30	27	3	39	41	16	12	40	31	47	31	-84	53	19	31	15	20	38	54	0	40	503
V2194:	51	39	77	74	61	73	68	26	78	58	54	72	78	74	77	66	61	-76	75	0	69	1155
M2195:	65	55	86	86	67	82	83	55	86	56	-70	83	88	79	84	80	80	56	77	0	72	1350
D2196:	78	78	-30	82	86	88	88	87	91	89	87	86	93	86	91	82	84	87	90	0	89	1612
Y2197:	82	75	93	92	76	91	89	84	95	87	90	92	95	92	94	91	91	81	87	0	-25	1652
S2198:	59	60	80	76	79	73	75	78	81	79	72	67	85	75	81	-78	62	76	85	0	80	1345
L2199:	68	48	87	86	74	86	85	55	88	-68	53	85	91	81	86	80	78	55	85	0	83	1386
V2200:	39	24	74	68	54	65	68	-46	69	60	41	67	77	66	73	58	49	-86	73	0	65	958
I2201:	51	35	80	75	57	74	76	-66	82	50	49	76	84	72	78	65	62	-30	75	0	66	1111
G2202:	77	77	90	91	90	-10	90	88	93	90	88	89	93	90	92	83	87	87	92	0	91	1668
I2203:	60	37	82	78	52	79	72	-82	81	46	41	79	83	69	78	70	68	-36	72	0	69	1098
D2204:	58	58	-63	59	70	69	71	71	78	76	72	31	82	67	78	61	61	70	79	0	75	1223
N2205:	39	31	-4	40	53	37	22	54	51	56	35	-85	55	32	54	22	24	52	66	0	44	678
E2206:	-1	34	-6	-73	48	35	48	44	23	49	44	10	50	-16	26	3	10	39	57	0	48	472
G2207:	4	34	3	24	50	-65	7	50	32	51	46	-36	24	6	29	-34	-5	43	59	0	21	343
Y2208:	58	57	81	71	16	68	3	60	63	47	65	62	84	56	66	59	64	40	58	0	-31	1047
T2209:	12	36	40	34	46	48	43	37	17	42	36	8	58	39	53	-14	-80	34	49	0	45	583
L2210:	47	25	72	68	39	66	64	-19	68	-78	16	65	71	58	65	55	50	23	59	0	54	868
T2211:	11	37	45	57	25	23	46	42	33	24	40	19	60	47	59	-8	-77	12	54	0	24	573
V2212:	33	39	76	68	61	72	69	-10	76	24	55	71	78	69	71	63	58	-63	76	0	69	1055
G2213:	58	63	83	83	81	-18	84	78	87	79	79	77	87	80	87	72	76	77	84	0	85	1482
I2214:	67	53	86	85	70	86	85	-58	87	61	64	81	89	82	86	78	79	54	82	0	78	1395
I2215:	78	69	92	91	81	92	90	-50	92	78	78	90	93	88	89	85	85	33	88	0	86	1528
D2216:	70	70	-33	76	81	82	84	83	87	86	82	79	86	77	87	76	77	83	87	0	86	1506
F2217:	63	25	84	81	-26	79	74	33	80	48	56	79	85	76	81	72	72	59	40	0	18	1179
I2218:	59	48	84	81	56	82	79	-67	82	-1	48	79	84	75	80	71	69	9	76	0	70	1164
R2219:	67	66	91	86	81	79	72	78	74	76	70	79	87	67	-39	78	71	77	84	0	80	1424
T2220:	46	47	67	66	63	66	60	61	72	63	56	63	72	55	70	41	-67	51	68	0	62	1082
F2221:	70	61	85	82	-36	82	80	69	85	73	67	81	86	79	82	76	76	67	65	0	61	1391
T2222:	54	50	76	77	70	70	68	63	76	69	61	64	80	67	75	46	-78	59	75	0	68	1190
W2223:	78	69	90	88	67	84	87	77	91	78	76	86	92	86	89	84	84	74	-14	0	66	1532
D2224:	50	51	-64	49	62	58	62	64	70	70	66	57	73	54	69	43	46	59	73	0	66	1078
K2225:	46	43	77	72	67	64	49	62	-63	64	51	64	76	55	54	54	55	57	68	0	65	1080
K2226:	44	45	75	70	60	63	41	54	-78	57	44	59	71	46	41	43	50	44	68	0	57	954
L2227:	47	25	72	68	31	65	68	-13	70	-78	9	65	73	59	66	58	53	-13	55	0	49	829
E2228:	48	55	65	-75	71	76	70	69	78	69	55	74	88	55	81	69	65	69	77	0	69	1228
S2229:	12	16	17	45	37	-1	18	35	39	39	22	-52	57	31	38	-89	-42	33	53	0	36	344
W2230:	54	41	78	70	42	70	68	61	77	59	54	72	84	70	77	67	67	55	-57	0	43	1152
V2231:	27	13	68	61	31	54	57	-1	66	35	19	58	68	44	59	48	33	-92	54	0	42	744
K2232:	53	53	86	76	74	74	65	69	-70	71	63	73	85	61	60	63	67	67	79	0	72	1241
E2233:	12	42	14	-65	63	37	55	60	43	63	52	35	79	15	72	21	52	58	69	0	60	837
K2234:	51	45	76	72	64	66	56	58	-60	62	51	35	75	55	14	50	50	59	69	0	63	1011
G2235:	43	45	51	72	59	-66	66	58	74	62	58	16	75	66	73	20	61	58	70	0	67	1028
L2236:	41	18	64	62	-16	61	53	-35	56	-85	-11	54	62	49	57	49	40	10	48	0	34	611
V2237:	47	40	72	68	52	69	65	-38	73	47	40	68	70	65	68	62	50	-81	64	0	57	958
G2238:	59	65	84	81	75	-62	75	75	82	80	75	76	85	76	84	60	73	74	84	0	83	1384
G2239:	49	43	69	73	66	-64	65	66	73	65	61	61	74	61	72	44	64	65	69	0	70	1146
A2240:	-52	14	28	26	34	-53	40	15	5	25	16	-18	53	38	43	-43	-14	9	41	0	30	237
S2241:	-4	30	24	8	24	-12	-13	23	-48	22	9	-40	30	-20	-21	-77	-26	14	60	0	24	7
V2242:	-32	-14	5	-22	-11	-6	-6	-62	-53	-64	-59	-18	-2	-48	-25	-55	-63	-78	46	0	-23	-590
I2243:	1	8	45	21	-1	27	23	-62	-18	-46	-31	26	30	4	1	-16	-39	-47	33	0	3	-38
K2244:	34	34	75	62	52	59	33	42	-67	43	29	58	67	38	41	47	46	39	58	0	45	835
Q2245:	-10	35	13	-25	49	32	3	13	-2	12	-19	10	36	-54	11	-4	-2	8	53	0	43	202
P2246:	48	46	67	65	60	62	50	46	66	55	42	54	-61	52	66	56	55	50	65	0	62	1006
T2247:	48	44	74	73	69	66	64	66	74	66	50	68	75	64	73	38	-66	62	71	0	69	1148
V2248:	56	50	83	81	71	81	81	-9	82	73	68	80	83	79	81	71	67	-63	81	0	77	1273
V2249:	58	52	84	81	72	81	78	32	83	64	57	77	83	72	82	75	63	-75	82	0	76	1277
T2250:	20	26	54	46	50	50	29	39	51	43	19	37	56	39	57	11	-88	34	52	0	50	675
P2251:	54	59	80	76	69	72	64	63	74	67	56	73	-76	67	77	63	68	65	74	0	70	1215
R2252:	39	42	74	66	59	67	46	54	-23	54	44	54	70	40	-72	48	43	52	65	0	56	878
Q2253:	19	24	45	26	23	41	23	32	44	27	16	30	48	-87	37	24	31	28	30	0	16	477
Y2254:	70	68	88	87	60	83	78	74	88	77	77	84	89	82	87	81	82	70	76	0	-55	1446
K2255:	39	35	78	67	60	63	52	54	-56	58	47	67	76	50	5	46	55	51	66	0	58	971
K2256:	8	25	36	46	46	27	24	38	-44	40	28	-48	59	22	16	-3	-6	33	53	0	42	442
R2257:	58	56	84	75	72	73	64	68	61	70	64	73	80	58	-67	62	64	65	77	0	71	1228
F2258:	70	59	89	85	-50	84	82	76	88	75	69	85	91	82	86	79	80	72	79	0	71	1452
R2259:	58	44	81	75	70	69	60	59	54	61	57	68	80	52	-50	57	58	62	76	0	66	1157
E2260:	15	19	19	-83	42	48	27	40	44	45	29	30	69	17	51	27	34	36	48	0	37	594
A2261:	-70	26	60	60	48	47	53	37	53	53	33	50	65	48	51	32	39	40	56	0	50	831
M2262:	41	30	74	71	38	66	64	23	73	26	-86	69	77	58	68	61	60	25	56	0	47	941
E2263:	13	20	-5	-69	46	51	34	42	53	46	34	40	72	27	58	34	40	40	51	0	39	666
R2264:	15	15	56	42	45	41	7	60	-9	40	50	9	55	4	-71	8	16	36	70	0	40	529
Y2265:	67	54	82	80	54	80	67	60	83	71	71	78	88	77	81	76	76	60	69	0	-37	1337
I2266:	63	46	82	80	53	79	75	-74	80	45	48	77	82	73	77	70	67	27	74	0	68	1192
L2267:	58	39	79	76	42	76	73	33	78	-67	28	73	76	70	76	69	63	28	67	0	61	1098
M2268:	12	18	54	29	5	43	55	-6	38	-12	-80	41	38	14	37	27	17	-10	44	0	34	398
V2269:	48	40	78	75	60	72	71	23	78	53	38	70	75	69	76	58	56	-80	72	0	66	1098
P2270:	58	59	79	75	71	71	65	65	74	65	57	70	-74	59	76	63	66	65	73	0	70	1207
D2271:	63	62	-55	62	75	77	79	79	84	81	78	70	86	70	83	65	67	77	84	0	81	1368
P2272:	-2	10	27	18	-2	18	16	3	3	0	-7	6	-71	-16	6	6	0	3	15	0	3	36
W2273:	69	60	79	76	57	76	76	70	80	70	66	76	83	74	79	74	74	68	-38	0	56	1325
Y2274:	66	54	77	75	26	74	63	60	78	63	59	72	77	69	76	64	65	59	54	0	-38	1193
R2275:	32	27	66	37	42	50	21	36	-12	35	24	35	49	-48	-45	38	37	37	45	0	38	544
E2276:	7	4	-45	-87	5	29	2	12	26	6	6	5	27	-13	23	13	17	6	15	0	12	70
G2277:	-31	-2	24	4	6	-66	-11	6	-2	8	-12	-22	9	-24	2	-57	-42	-6	39	0	0	-177
N2278:	16	12	22	24	24	10	-5	17	24	26	10	-91	30	-5	20	-19	-5	18	32	0	21	181
