#	A	C	D	E	F	G	H	I	K	L	M	N	P	Q	R	S	T	V	W	X	Y	sum	
M1:	24	-13	68	57	5	55	35	-24	47	-25	-98	42	61	8	46	33	27	-26	40	0	19	381
Q2:	-62	-69	-60	-76	-51	-52	-77	-60	-70	-62	-78	-77	-48	-99	-71	-75	-73	-69	-50	0	-65	-1344
K3:	13	16	54	31	31	42	-3	11	-97	10	-6	16	47	-9	-32	8	13	10	45	0	26	226
C4:	20	-90	71	72	56	63	62	48	68	48	46	58	73	61	67	44	50	42	67	0	61	987
A5:	-92	-8	67	59	49	21	47	28	53	41	30	45	57	43	53	8	24	15	61	0	50	651
G6:	51	57	82	82	79	-87	74	78	85	79	77	65	85	70	83	58	74	73	83	0	80	1328
H7:	60	65	77	72	64	73	-91	69	72	71	62	55	85	52	63	63	69	63	78	0	53	1175
A8:	-94	1	72	65	65	18	57	43	64	55	39	50	67	49	63	3	24	25	76	0	65	807
P9:	48	42	69	71	73	64	61	71	74	71	62	59	-84	56	78	48	54	65	76	0	70	1128
L10:	46	46	86	82	18	84	78	-45	84	-75	-30	79	86	73	83	75	69	-18	73	0	65	959
V11:	-31	-30	73	31	2	31	67	-72	35	-55	-59	21	31	3	36	7	-31	-92	71	0	4	42
T12:	-15	27	24	23	66	8	55	20	26	25	44	-21	-10	-7	28	-56	-92	2	67	0	60	274
A13:	-64	-8	-43	-4	29	-28	10	13	13	18	8	-51	28	-2	22	-45	-17	-5	74	0	25	-27
A14:	-74	-20	1	-8	13	-30	-10	-1	-35	1	-6	-58	20	-31	-26	-55	-34	-18	65	0	10	-296
S15:	-49	-29	-27	-28	7	-69	-31	4	-44	-4	-11	-73	1	-43	-37	-89	-55	-12	45	0	2	-542
R16:	21	52	63	39	48	52	-6	35	-36	29	25	31	54	9	-44	24	31	35	67	0	39	568
V17:	32	21	59	45	31	65	65	-38	55	-2	6	60	52	39	56	41	27	-76	63	0	39	640
S18:	-13	26	-7	-3	53	-4	1	33	2	33	23	-24	30	-12	6	-86	-29	17	64	0	31	141
Q19:	-26	13	-55	-60	27	21	27	21	-7	-8	10	-11	22	-81	6	-46	-13	-16	42	0	22	-112
D20:	-39	-7	-55	-36	31	-22	20	24	-2	21	20	-18	37	-54	13	-40	-28	9	59	0	31	-36
T21:	-5	1	47	48	50	29	40	14	52	-28	17	9	42	24	58	-44	-90	-20	83	0	50	377
V22:	-70	-44	-17	-80	-9	-10	-4	-59	-54	-48	-42	-29	7	-64	-36	-60	-84	-83	62	0	-8	-732
D23:	-41	14	-79	-68	51	-52	9	17	-53	14	7	-44	26	-73	-9	-53	-40	3	63	0	55	-253
A24:	-77	8	-9	-47	23	-19	-3	-5	-21	3	-3	-18	5	-48	5	-55	-32	-18	58	0	21	-232
L25:	73	60	93	90	73	91	89	5	92	-74	52	89	93	85	91	87	84	-13	87	0	83	1330
L26:	38	16	79	72	48	74	70	-73	78	-59	9	69	79	61	77	60	47	-72	71	0	62	806
Q27:	-29	6	-59	-77	34	-14	25	30	-9	2	22	-30	19	-80	10	-51	-21	-14	52	0	28	-156
A28:	-67	18	60	64	69	30	62	53	67	65	50	34	64	52	67	-85	-64	45	76	0	68	728
I29:	48	25	80	75	63	78	74	-76	81	-26	42	72	84	66	79	64	43	-31	80	0	75	996
L30:	7	-46	72	68	34	69	65	-69	74	-55	-31	63	76	57	73	55	23	-74	66	0	58	585
K31:	-1	28	45	26	31	15	-9	10	-78	1	3	-19	45	-14	-46	-2	1	9	64	0	27	136
A32:	-89	9	67	67	66	31	63	-22	67	4	39	48	68	52	66	-42	-71	-57	75	0	65	506
Y33:	29	-47	75	69	-66	59	35	-8	67	-28	-34	58	77	52	61	43	42	0	41	0	-67	458
H34:	16	48	49	-3	40	43	-74	38	-13	33	27	13	66	-41	-28	17	21	25	70	0	32	379
K35:	14	38	50	24	48	40	4	11	-82	2	12	3	54	-1	-30	5	11	16	63	0	27	309
L36:	55	41	81	75	26	78	73	-35	80	-73	-10	74	81	68	77	69	64	0	69	0	61	954
A37:	-79	-30	-54	-22	2	-39	-54	-15	-27	-14	-24	-68	9	-33	-12	-85	-42	-28	50	0	-10	-575
S38:	-52	-5	-66	-49	28	-76	-58	-8	-77	-13	-23	-93	-16	-58	-44	-93	-72	-22	41	0	-17	-773
I39:	-29	-13	-11	-27	-21	-13	-18	-77	-47	-58	-51	-60	1	-36	-24	-61	-76	-42	1	0	-27	-689
D40:	10	43	-75	-60	66	-7	58	65	24	67	61	7	44	-51	28	-19	1	56	72	0	67	457
S41:	-42	-9	1	-18	7	-33	-15	-40	-18	-17	1	-38	-36	-25	-5	-83	-55	-27	39	0	-14	-427
H42:	8	32	-19	13	35	16	-80	7	-46	3	26	-64	34	-19	-12	-19	-4	-3	45	0	-16	-63
I43:	-33	-31	0	-22	-52	-6	-49	-86	-37	-78	-60	-43	12	-42	-63	-69	-52	-69	1	0	-67	-846
N44:	-32	-5	-16	-41	16	-10	-17	-23	-62	-8	-8	-77	13	-49	-29	-56	-55	-19	61	0	43	-374
D45:	-13	12	-50	-52	37	10	14	27	7	30	28	-38	43	-15	20	-24	-20	19	69	0	33	137
P46:	-27	-14	-32	-8	24	1	1	3	-12	-23	2	-40	-49	-28	8	-65	-59	-13	41	0	18	-272
V47:	-17	-23	38	17	-12	28	8	-71	23	-37	-23	-39	24	-3	26	-16	-32	-90	25	0	-31	-205
E48:	6	48	6	-65	73	34	41	48	-50	45	61	-2	63	3	32	10	24	35	82	0	71	565
I49:	37	7	77	71	8	73	68	-82	76	-85	-32	66	78	59	75	57	53	-52	68	0	59	681
A50:	-79	-22	46	41	30	-17	41	-64	41	-9	5	21	43	24	44	-24	-3	-55	67	0	33	163
F51:	37	20	78	67	-67	64	62	15	73	-13	5	66	77	62	70	60	54	24	60	0	10	824
K52:	31	67	67	53	81	48	18	71	-90	70	63	-27	65	15	-23	14	26	70	86	0	78	783
L53:	48	-50	86	80	1	81	74	-62	82	-91	-58	74	84	65	81	68	61	-48	74	0	68	718
I54:	25	3	73	64	15	69	63	-85	71	-60	-22	63	75	53	69	49	47	-70	64	0	54	620
N55:	-4	20	-13	8	50	-5	-50	49	19	51	41	-86	36	-12	27	-23	-9	45	67	0	44	255
S56:	-36	1	44	41	48	-2	38	29	42	38	33	2	47	26	45	-84	-63	1	79	0	51	380
F57:	45	29	84	77	-48	73	71	7	79	-43	1	74	84	70	76	67	63	17	69	0	17	912
K58:	26	32	73	59	53	27	22	37	-90	39	29	45	70	25	-75	36	39	37	64	0	49	597
Y59:	60	65	88	87	-46	85	79	49	89	37	75	85	92	84	87	82	83	52	55	0	-50	1238
L60:	51	39	82	77	28	78	73	-7	79	-76	30	74	81	68	78	70	65	-13	67	0	57	1001
P61:	-2	4	2	14	34	3	-2	25	-19	22	15	-73	-64	-15	-42	-19	-11	17	59	0	23	-29
I62:	-4	-20	36	19	-58	16	-26	-81	1	-69	-50	-8	25	-52	2	-45	-20	-47	1	0	-78	-458
S63:	-53	-33	-73	-56	7	-57	-38	-7	-77	-7	-16	-87	-10	-65	-39	-90	-63	-20	52	0	-1	-733
G64:	-20	9	30	5	31	-46	22	-25	16	7	16	13	39	-8	24	-24	0	-38	52	0	26	129
S65:	-54	-12	37	19	23	-7	4	6	9	-18	0	1	22	-16	16	-75	-37	-30	60	0	20	-32
S66:	-57	-37	-22	-77	-2	-33	-37	-58	-61	-31	-27	-54	-55	-60	-38	-88	-68	-53	48	0	-5	-815
V67:	-60	-29	9	-27	-31	-51	-9	-85	-40	-63	-47	-37	6	-43	-20	-48	-49	-86	7	0	-44	-747
K68:	1	44	-18	-40	56	34	-7	8	-85	9	2	-27	29	-16	-49	-2	3	9	65	0	53	69
D69:	-7	19	-54	-27	38	16	16	34	4	29	30	-41	46	-11	-29	-21	-15	20	71	0	38	156
F70:	23	17	39	28	-63	36	7	-6	-60	-31	-7	-1	43	-11	-17	7	12	1	8	0	-38	-13
E71:	-29	7	-37	-88	31	-10	-30	-12	-70	-13	-19	-52	17	-49	-32	-30	-30	-24	44	0	28	-398
S72:	-36	-14	16	-13	5	-50	-18	-21	-12	-62	-14	-28	-4	-25	3	-76	-49	-29	23	0	1	-403
E73:	-32	0	-70	-82	25	1	-16	-38	-19	-17	-20	-23	22	-45	-2	-50	-37	-30	42	0	26	-365
L74:	59	44	87	81	55	86	79	-33	83	-89	24	81	87	68	82	76	71	-40	77	0	70	1048
R75:	-24	-1	23	-30	14	20	-24	-8	-69	-11	-15	-49	28	-33	-76	-30	-32	-10	53	0	7	-267
E76:	-45	-24	-51	-86	5	-46	-22	-9	-68	-12	-18	-72	24	-50	-25	-43	-35	-27	50	0	1	-553
L77:	8	-18	73	63	16	84	58	-71	68	-67	-27	62	73	40	68	54	34	-67	78	0	39	568
D78:	70	67	-69	70	85	83	85	86	90	88	86	79	91	80	89	71	76	84	90	0	87	1488
V79:	55	41	83	78	72	81	82	-56	85	40	66	73	85	79	86	72	66	-45	87	0	79	1209
F80:	76	70	95	92	-77	92	89	75	93	39	75	92	94	90	91	90	88	80	85	0	27	1456
S81:	-6	39	74	71	71	53	66	28	73	66	64	-14	76	61	76	-81	-87	20	81	0	74	805
P82:	65	65	84	86	86	80	81	83	88	83	78	77	-77	79	89	71	76	79	87	0	82	1442
L83:	54	39	85	79	53	84	79	-64	84	-51	38	80	87	71	81	74	70	-41	73	0	67	1042
L84:	47	31	80	74	39	77	71	-30	79	-71	20	73	81	64	77	67	61	-12	65	0	49	942
Q85:	-25	-3	2	-31	14	6	-24	3	-47	-8	-12	-33	32	-79	-17	-27	-17	-9	53	0	4	-218
S86:	-44	-10	28	9	29	-8	2	13	8	-2	3	-18	30	-7	11	-88	-61	-1	68	0	25	-13
A87:	-82	-41	11	-32	14	-16	8	-25	-61	-20	-14	-32	-31	-36	-4	-79	-35	-35	72	0	9	-429
V88:	5	-2	0	-20	-28	38	9	-82	30	-53	-30	21	46	-4	21	3	-11	-85	38	0	-36	-140
T89:	-22	-2	-54	-66	31	-6	-1	15	-23	20	8	-69	19	-37	7	-56	-74	1	61	0	23	-225
A90:	-89	-56	0	-32	-57	-54	-49	-59	-37	-70	-61	-46	-11	-53	-43	-89	-65	-85	8	0	-65	-1013
A91:	-93	-34	-52	-73	-50	-65	-52	-86	-70	-70	-80	-61	-54	-73	-59	-84	-76	-82	20	0	-49	-1243
N92:	-12	32	-48	-45	56	-16	-35	19	-37	23	43	-82	-48	-43	-5	-36	-30	5	66	0	17	-176
N93:	-46	-25	-34	-71	-5	-40	-72	-15	-66	-19	-22	-84	-14	-71	-53	-69	-64	-29	49	0	-21	-771
S94:	-67	-36	1	-42	-15	-35	-45	-10	-73	-25	-20	-49	-5	-58	-44	-89	-69	-35	15	0	-41	-742
N95:	-37	-37	-57	-43	-9	-54	-64	-18	-47	-17	14	-94	-40	-63	-40	-79	-71	-29	47	0	-24	-762
I96:	-11	-41	39	15	-57	25	-3	-94	17	-83	-66	13	31	-8	15	-7	-23	-83	-1	0	-59	-381
I97:	-40	-54	14	-13	-50	-1	-13	-95	-44	-88	-74	-14	11	-35	-30	-37	-49	-89	-7	0	-40	-748
W98:	69	65	90	87	3	87	87	50	90	13	47	87	94	84	88	78	79	57	7	0	30	1292
D99:	88	88	-45	88	94	92	94	94	95	95	94	90	95	92	95	88	90	94	96	0	95	1712
L100:	36	11	77	68	45	72	68	-53	78	-65	7	66	80	56	77	58	52	-41	70	0	64	826
I101:	24	-7	68	58	-30	62	59	-86	71	-45	-29	55	72	46	69	44	37	-62	60	0	44	510
A102:	-77	-50	73	75	78	-1	76	63	79	72	66	61	61	66	77	-25	12	57	82	0	77	922
V103:	15	-42	85	79	77	81	84	-75	89	20	68	77	86	80	88	71	16	-67	90	0	82	1004
L104:	16	-3	72	64	-35	65	56	-42	71	-74	-38	58	76	47	69	49	40	-31	56	0	-1	515
F105:	44	9	80	72	-64	69	66	27	76	7	36	68	82	66	73	61	60	51	64	0	11	958
A106:	-83	16	71	70	66	31	70	18	74	64	52	56	69	59	72	17	27	-10	79	0	70	888
Y107:	86	82	95	94	75	93	85	86	95	89	90	93	96	91	94	91	92	87	86	0	-58	1642
I108:	-6	-79	63	51	-32	51	36	-81	55	-79	-28	39	59	28	51	18	12	-57	41	0	14	156
S109:	49	58	81	80	83	61	78	82	83	83	77	55	86	67	83	-91	48	78	89	0	82	1312
I110:	53	28	89	85	62	86	82	-92	88	-48	29	83	89	78	86	75	70	-71	83	0	74	1029
H111:	19	30	62	44	35	38	-55	5	5	16	35	16	72	14	-21	22	25	16	65	0	20	463
K112:	-22	25	23	-1	50	5	-27	-2	-88	-6	-13	-70	20	-34	-83	-51	-24	-2	66	0	16	-218
Q113:	-27	-1	1	-45	15	-3	3	13	-20	13	3	-17	33	-75	10	-37	-23	-5	61	0	11	-90
L114:	46	30	82	77	-19	78	74	-12	81	-67	-6	75	84	69	79	70	67	-5	70	0	34	907
H115:	33	53	64	59	61	48	-61	64	56	67	64	21	83	17	52	39	48	57	77	0	59	961
P116:	10	46	35	27	72	64	68	72	39	72	64	67	-90	65	82	49	53	67	81	0	74	1017
L117:	57	40	91	87	8	89	84	-21	88	-88	30	86	91	79	88	80	78	27	83	0	77	1154
I118:	72	54	93	90	79	91	88	-88	92	-11	62	89	93	86	91	85	82	-63	90	0	85	1260
L119:	2	1	71	61	26	65	60	-79	67	-69	-8	58	73	48	66	48	-2	-69	57	0	47	523
H120:	6	44	2	12	37	10	-70	33	-8	34	26	-77	60	-8	-6	-17	1	19	72	0	29	199
N121:	-5	15	-3	34	36	-10	18	49	31	47	44	-76	49	10	48	-79	-45	36	71	0	36	306
L122:	31	26	83	77	28	80	76	-66	82	-66	-19	75	85	68	79	70	43	-54	49	0	71	818
N123:	15	31	1	33	57	17	29	39	20	40	47	-59	46	-13	41	-3	-8	34	69	0	55	491
I124:	-38	-37	-37	-22	-13	-1	-11	-78	-23	-57	-47	-63	19	-38	-6	-83	-64	-62	26	0	-1	-636
W125:	64	51	87	82	30	81	78	49	86	37	62	82	89	78	83	79	81	59	-60	0	26	1224
K126:	14	-5	70	60	34	48	2	-4	-24	12	26	32	70	28	19	-4	23	18	68	0	10	497
D127:	-2	32	-80	-17	62	1	-2	63	1	41	59	-72	52	-7	26	-27	-7	32	74	0	41	270
F128:	15	-16	59	44	-71	42	-58	-12	38	-44	-16	18	47	21	28	22	19	-7	24	0	-57	96
M129:	49	42	86	83	52	80	77	-11	84	-70	-61	79	88	70	83	75	72	-15	76	0	60	999
A130:	-89	-49	-9	-29	-17	-51	-27	-47	-61	-72	-48	-54	-58	-54	-74	-70	-60	-59	12	0	-21	-937
D131:	-9	7	-53	-27	32	16	29	21	19	21	22	6	43	-6	28	-24	-22	3	59	0	30	195
N132:	-35	3	-29	-12	29	-24	-24	1	-7	1	22	-86	8	-42	1	-78	-50	-8	48	0	5	-277
D133:	-3	6	-35	-1	-3	22	14	14	42	-19	16	17	50	6	39	-3	0	5	40	0	-44	163
E134:	-35	7	-55	-77	13	7	-1	3	-31	-5	-6	-49	30	-42	-1	-22	-18	-9	52	0	34	-205
E135:	-6	26	9	-63	28	29	24	3	-23	20	17	-6	51	-9	15	-16	8	10	64	0	30	211
T136:	24	35	48	51	55	44	59	30	51	32	25	34	51	32	55	-4	-63	27	62	0	52	700
A137:	-79	-44	-15	-53	-7	-33	-12	-60	-33	-36	-33	-65	4	-43	-10	-58	-40	-45	45	0	-10	-627
T138:	-42	-8	15	-11	23	-23	9	11	-12	9	0	-15	16	-20	10	-49	-76	-1	43	0	19	-102
T139:	-34	-44	15	0	-15	-9	0	-37	-6	-13	-7	-23	12	-18	9	-67	-88	-20	31	0	0	-314
T140:	-25	-3	0	-19	-3	-2	-10	-4	-7	-9	2	-20	16	-27	-3	-48	-82	-20	35	0	-14	-243
D141:	-24	3	-76	-48	30	0	10	22	-4	21	18	-39	15	-19	13	-37	-28	6	65	0	28	-44
G142:	-28	-8	-16	4	25	-79	0	16	-28	15	7	-34	24	-22	2	-77	-50	3	65	0	18	-163
D143:	8	35	-72	-9	58	9	27	36	12	38	54	3	48	5	30	-3	-3	28	68	0	61	433
S144:	-65	-38	-48	-60	5	-50	-39	-19	-55	-14	-20	-74	-13	-62	-32	-93	-84	-26	56	0	-10	-741
M145:	19	15	61	26	-28	54	-4	-30	47	-23	-58	44	65	18	47	31	29	-10	30	0	-75	258
N146:	3	34	26	0	35	14	14	23	-17	29	-4	-61	37	-11	9	-46	-24	14	69	0	55	199
F147:	50	55	87	81	-14	71	79	24	82	-28	27	80	49	74	80	76	60	40	78	0	47	1098
G148:	72	78	93	93	91	-70	92	90	94	91	90	89	94	88	93	79	88	88	93	0	92	1618
V149:	15	21	77	69	-41	72	71	-13	81	-28	-28	66	80	71	80	58	22	-63	78	0	22	710
L150:	34	40	88	82	-3	85	70	6	86	-44	11	81	89	72	86	77	75	4	41	0	-37	943
S151:	26	59	77	78	80	61	78	78	81	78	74	59	84	72	82	-63	-45	74	86	0	80	1199
L152:	45	22	84	78	60	80	77	-66	83	-52	20	77	85	70	83	70	63	-75	76	0	72	952
L153:	40	18	81	74	50	77	72	-81	80	-66	12	72	82	63	79	65	57	-63	71	0	64	847
S154:	25	43	42	70	70	36	66	73	73	73	63	-29	77	54	75	-90	-14	68	83	0	73	931
I155:	-19	-43	47	25	-57	28	-36	-80	12	-77	-52	19	47	-20	18	-8	-11	-65	-9	0	-80	-361
V156:	34	18	75	67	58	72	75	-26	80	-8	50	68	79	69	80	59	50	-79	81	0	71	973
Q157:	25	33	-4	-61	52	56	46	50	57	51	38	47	69	-54	62	36	43	37	64	0	47	694
N158:	-1	21	16	3	56	4	3	30	-40	31	22	-80	29	-72	-3	-25	-41	17	69	0	30	69
F159:	64	55	88	82	-45	83	79	19	85	35	30	83	88	79	84	79	77	47	78	0	30	1220
E160:	-4	23	-23	-77	52	36	-2	50	28	27	42	11	57	-12	40	1	16	12	65	0	49	391
E161:	-8	5	-13	-76	54	33	31	44	25	44	37	8	63	-15	34	-32	-46	24	83	0	46	341
I162:	64	53	86	83	66	86	83	-77	88	-37	52	83	88	79	87	79	76	-23	83	0	77	1176
T163:	-37	-18	-39	-33	21	-37	-32	9	-29	8	0	-74	8	-40	1	-67	-83	-6	60	0	14	-374
P164:	-34	-15	16	8	7	4	-18	-4	-8	-30	-7	-2	-62	-27	10	-22	-20	-13	31	0	-7	-193
N165:	-26	5	-60	-48	36	-19	-21	4	-46	3	-13	-80	4	-76	-11	-47	-43	-8	54	0	31	-361
L166:	27	25	77	60	27	64	70	-21	68	-56	-7	57	69	49	67	29	36	-23	69	0	48	735
F167:	44	28	87	79	-46	78	78	-6	80	-70	-11	78	86	72	78	74	68	12	74	0	62	945
E168:	-31	17	-34	-83	52	11	6	20	-20	15	-1	-39	40	-74	9	-45	-17	4	65	0	46	-59
F169:	44	32	82	73	-63	72	64	48	77	33	47	72	84	68	74	67	65	49	38	0	-43	983
L170:	10	12	73	65	-43	68	59	-30	70	-79	-35	62	75	52	68	55	51	-24	52	0	5	566
K171:	-1	28	23	-27	47	22	-22	2	-83	4	23	-45	40	-60	-46	-7	0	2	59	0	14	-27
L172:	52	34	86	81	-2	84	78	-34	83	-88	16	79	87	71	82	74	69	19	76	0	72	1019
G173:	-5	33	-52	5	63	-73	-7	58	13	35	58	-79	26	-28	19	-45	-12	19	75	0	28	131
L174:	68	56	92	89	70	90	86	34	88	-88	34	88	92	82	88	84	80	42	83	0	80	1338
R175:	-6	30	65	28	54	49	35	30	-20	31	31	42	69	15	-37	21	1	29	80	0	52	599
S176:	-29	10	-41	-60	48	-2	-32	41	-18	36	31	-46	29	-30	3	-79	-32	25	79	0	66	-1
T177:	8	16	56	59	54	54	72	19	61	38	32	36	45	42	66	0	-65	-24	76	0	71	716
L178:	61	51	87	84	16	86	82	23	87	-44	47	83	89	78	86	79	77	43	79	0	74	1268
L179:	43	28	84	79	51	81	78	-67	82	-46	27	77	85	71	79	71	65	-69	74	0	66	959
K180:	-9	18	30	8	33	28	-22	11	-65	11	2	-6	48	-10	-16	-7	5	13	67	0	21	160
I181:	-38	-43	0	-34	-29	-6	-32	-81	-40	-65	-49	-73	16	-78	-23	-62	-59	-81	22	0	-37	-792
W182:	84	77	94	92	76	91	91	87	93	88	85	92	96	90	93	91	92	85	-58	0	72	1611
V183:	42	27	79	74	67	77	80	-56	83	22	62	72	82	76	83	65	57	-45	85	0	78	1110
A184:	-59	35	74	77	74	0	70	64	73	69	61	61	-46	65	74	-15	48	56	81	0	74	936
Q185:	-22	-13	11	-23	19	9	5	0	-27	-17	-7	-16	37	-70	-1	-39	-17	-15	57	0	9	-120
W186:	89	83	95	94	82	94	93	91	95	92	90	94	97	93	95	93	94	89	-54	0	77	1676
Q187:	-27	-7	8	-32	9	15	0	-11	-29	-26	-15	-12	36	-79	-5	-34	-33	-19	53	0	5	-203
R188:	9	23	40	27	37	29	-2	23	-27	18	12	-62	49	-45	-64	-31	-9	22	67	0	28	144
Y189:	66	63	83	83	-2	81	71	52	87	65	69	83	89	81	85	80	80	60	68	0	-56	1288
D190:	-61	-25	-78	-68	11	-25	-12	-3	-55	-11	-11	-75	4	-47	-18	-63	-62	-19	60	0	8	-550
P191:	-25	-10	-47	-38	20	-11	-13	9	-32	5	-1	-71	-48	-73	-10	-41	-30	-1	49	0	38	-330
S192:	-23	0	23	-17	24	13	4	20	-21	16	15	-19	33	-23	-7	-72	-28	8	60	0	26	32
A193:	-88	-46	-7	-11	-18	-55	-7	-65	-31	-74	-45	-24	-50	-33	-21	-61	-43	-55	53	0	-16	-697
T194:	16	16	40	41	67	20	18	45	37	40	54	-55	7	10	45	-32	-70	33	72	0	43	447
N195:	3	22	36	31	39	21	17	22	24	8	16	-50	45	0	38	-23	-30	-10	60	0	26	295
L196:	51	50	87	72	0	75	60	-2	75	-57	2	60	78	60	74	60	55	11	72	0	32	915
I197:	-12	1	6	-46	3	26	5	-70	-35	-47	-35	-10	29	-36	-6	-24	-24	-37	58	0	8	-246
N198:	-21	-13	1	-1	-22	-9	-35	-19	-11	-36	-19	-63	11	-67	-8	-30	-42	-43	14	0	-41	-454
G199:	-1	10	44	5	0	-44	-25	22	31	9	15	-27	38	-35	23	-19	7	7	32	0	-33	59
D200:	-13	16	-78	-46	48	8	42	50	-11	56	45	-38	31	-27	13	-48	-23	43	62	0	52	182
E201:	2	34	-35	-71	58	31	3	25	28	28	50	-44	54	-8	40	3	12	16	70	0	57	353
K202:	10	39	46	-6	53	34	-2	13	-73	12	31	-39	49	-3	-66	-15	6	13	65	0	52	219
I203:	48	27	75	70	3	73	69	-63	77	-56	-10	68	77	61	75	60	58	-11	58	0	48	807
S204:	-24	4	39	6	34	12	23	24	8	14	17	3	43	4	25	-72	-39	8	67	0	37	233
S205:	-16	10	18	19	32	8	21	27	22	25	25	-31	47	6	30	-68	-40	14	56	0	35	240
W206:	45	43	80	67	16	72	60	21	66	7	39	66	84	57	62	53	53	36	-5	0	-3	919
I207:	59	44	83	79	59	81	78	-61	83	-13	43	77	84	73	81	72	68	-3	73	0	67	1127
T208:	-4	-1	54	48	-5	28	-11	0	44	-43	-29	11	46	10	43	-16	-60	-10	47	0	-11	141
K209:	14	53	17	48	67	25	0	56	-61	57	49	-62	64	12	0	12	20	54	78	0	64	567
D210:	-2	42	-55	-69	69	26	25	41	24	43	67	-40	53	-9	25	-11	-7	25	78	0	71	396
Y211:	8	16	59	55	-4	49	28	12	51	20	25	39	59	36	52	-31	-6	18	59	0	-35	510
Q212:	-49	-24	-14	-58	-12	3	-26	-60	-82	-37	-35	-39	15	-84	-31	-46	-38	-55	42	0	-19	-649
V213:	3	16	81	72	23	76	77	-60	64	-77	-17	70	66	23	82	35	8	-77	82	0	44	591
D214:	82	81	-55	84	92	91	93	92	95	93	92	89	95	90	95	86	88	92	95	0	93	1663
F215:	78	66	93	91	-68	90	87	81	92	80	72	89	94	89	91	87	87	82	85	0	73	1539
F216:	53	45	87	81	-50	79	77	21	84	38	57	80	87	76	83	75	74	26	57	0	-14	1116
I217:	51	25	80	75	55	78	74	-84	81	29	37	73	82	67	81	66	63	16	73	0	64	1086
I218:	-39	-15	64	51	36	49	48	-60	55	-16	7	45	61	35	56	-16	9	-60	76	0	40	426
T219:	36	67	60	58	87	81	82	61	68	64	78	8	59	47	84	-3	-89	30	88	0	85	1051
S220:	2	38	38	32	64	29	59	61	37	52	54	15	71	24	55	-63	5	55	83	0	62	773
L221:	39	9	83	79	35	81	60	-15	73	-60	-8	57	86	50	71	55	50	4	53	0	48	850
A222:	-44	4	41	50	6	22	9	-33	48	10	20	26	55	29	42	3	9	-15	58	0	-1	339
S223:	-28	-1	29	9	38	5	-17	26	6	9	21	-74	45	-8	18	-83	-83	11	73	0	21	17
T224:	-45	-33	15	-8	-31	-66	-38	-40	-72	-66	-31	-42	-15	-42	-21	-61	-86	-62	11	0	-43	-776
S225:	-59	-36	-28	-73	-3	-28	-46	-17	-63	-24	-29	-54	-9	-77	-43	-86	-64	-32	35	0	21	-715
S226:	-13	29	30	-8	55	17	14	24	1	24	23	-11	37	-17	13	-67	-24	14	65	0	55	261
L227:	16	28	66	25	-29	39	7	-36	1	-84	-51	8	38	-29	14	14	6	-21	42	0	-19	35
E228:	-31	7	-32	-84	4	-1	-41	-6	-47	-11	-16	-55	20	-66	-56	-20	-25	-21	46	0	-7	-442
V229:	-21	-7	14	-21	4	3	7	-39	-21	-27	-20	-28	24	-36	0	-28	-26	-72	29	0	0	-265
L230:	1	6	40	4	-2	39	24	-53	5	-71	-39	18	-11	4	19	-22	-63	-28	34	0	7	-88
P231:	-14	-11	10	15	-6	14	-5	-1	10	-6	3	4	-29	-6	24	-15	-6	-8	26	0	-22	-23
S232:	-41	-14	22	-3	-4	-10	-12	-3	-13	-50	-4	-37	31	-27	-2	-80	-78	-21	26	0	-29	-349
H233:	7	25	21	29	37	11	-58	34	11	35	29	-58	50	-7	25	-34	-4	22	73	0	25	273
Y234:	61	60	83	82	16	78	64	66	86	70	74	79	88	79	83	75	78	63	73	0	-23	1335
F235:	53	42	83	76	-32	73	59	34	76	41	45	75	82	65	74	68	64	49	48	0	37	1112
V236:	46	30	83	77	74	80	82	-70	87	36	68	75	86	76	87	66	64	-77	88	0	82	1140
Y237:	50	58	56	69	23	64	58	55	76	53	74	62	71	67	75	62	65	52	66	0	-30	1126
K238:	30	73	73	42	74	65	47	60	-69	58	39	36	79	17	-3	27	43	55	90	0	71	907
I239:	29	17	63	62	17	67	63	-73	73	-20	5	59	74	54	71	51	17	-26	63	0	53	719
S240:	-39	-41	38	27	27	-2	21	-17	22	-8	5	-12	40	12	31	-82	-60	-14	54	0	29	31
K241:	55	58	77	68	70	60	59	65	-50	66	60	43	84	39	32	43	66	64	79	0	64	1102
R242:	70	70	92	84	84	83	76	78	66	79	74	77	90	69	-18	76	78	76	89	0	83	1476
I243:	46	32	81	75	27	79	76	-60	82	3	8	75	84	70	81	66	63	-38	76	0	68	994
S244:	-13	-9	59	48	36	25	39	20	45	18	28	18	57	31	48	-52	-23	0	63	0	38	476
H245:	0	14	52	37	5	27	-69	0	4	-41	-7	2	57	-9	-6	2	-19	-10	48	0	-3	84
F246:	35	36	55	58	-62	56	49	24	61	-1	19	23	70	48	56	47	45	31	68	0	19	737
P247:	-48	-8	15	-3	27	12	15	-6	-5	15	16	-22	-42	-24	25	-48	-28	-25	71	0	23	-40
N248:	-21	-6	-49	-17	21	-33	-34	-12	-34	9	6	-84	17	-35	-8	-63	-35	-3	64	0	14	-303
L249:	34	32	81	74	-9	76	71	-57	80	-79	-30	73	81	64	78	69	38	-19	11	0	8	676
I250:	55	39	79	74	50	76	72	-86	76	-61	-2	71	79	63	76	51	63	-22	70	0	64	887
D251:	-9	36	-81	-43	64	1	-2	65	36	40	62	-26	-25	0	41	-23	-8	26	77	0	38	269
P252:	-54	-38	-55	-69	0	-36	-38	-14	-61	-19	-25	-84	-71	-71	-32	-71	-60	-28	44	0	-8	-790
K253:	-1	41	-15	9	57	29	11	8	-69	14	12	8	49	-17	-8	-14	-14	-10	69	0	55	214
L254:	33	36	83	77	29	81	78	-71	83	-52	-9	76	85	71	82	47	8	-32	76	0	69	850
Y255:	52	56	83	80	16	76	61	57	79	55	66	71	87	67	60	60	72	55	72	0	-25	1200
R256:	13	53	80	52	71	62	55	26	-4	45	52	49	79	32	-13	33	36	41	84	0	69	915
S257:	-1	20	36	17	43	17	40	38	24	35	17	-2	45	16	41	-57	-9	33	71	0	48	472
A258:	-70	26	61	56	71	24	55	31	43	40	-9	39	61	36	57	-14	-14	17	82	0	71	663
I259:	24	23	77	71	9	73	70	-67	75	-50	-3	67	81	57	74	50	33	-18	69	0	45	760
S260:	-10	46	24	7	59	18	39	53	10	49	44	-2	60	2	37	-71	-11	43	80	0	58	535
T261:	-74	-35	-26	-42	9	-34	-7	-34	-33	-54	-23	-52	-9	-41	-7	-82	-91	-60	28	0	7	-660
I262:	47	31	81	75	-52	79	67	-81	81	-44	-6	74	84	66	80	65	64	-20	65	0	-15	741
M263:	1	26	72	66	7	64	58	-38	56	-66	-73	64	58	47	67	56	23	-31	62	0	14	533
E264:	-60	-39	-60	-91	-9	-27	-32	-26	-81	-35	-33	-52	-39	-65	-37	-62	-72	-44	43	0	-13	-834
N265:	-30	-18	-33	-24	6	-36	-45	-8	-34	-8	-12	-89	-11	-47	-16	-54	-48	-21	37	0	-5	-496
G266:	-25	0	-41	-18	20	-61	0	21	12	24	18	-31	21	-19	18	-61	-7	11	43	0	19	-56
I267:	47	37	69	62	41	67	61	-68	68	-22	27	61	70	45	67	46	55	-16	60	0	52	829
S268:	9	27	67	55	52	47	41	50	55	43	40	-3	65	40	58	-52	-34	44	63	0	53	720
D269:	-12	26	-26	-14	52	30	46	43	19	23	37	22	56	-19	34	-11	-1	33	76	0	52	466
N270:	-10	7	29	13	34	9	14	4	25	23	17	-44	35	-4	31	-34	-19	8	48	0	28	214
G271:	-9	18	40	13	39	-35	20	31	11	29	24	-14	36	-6	22	-47	-3	18	67	0	35	289
G272:	-26	4	37	28	24	-63	-18	20	22	18	7	-8	22	-14	20	-57	-15	3	56	0	13	73
G273:	-18	10	29	12	25	-56	-1	21	4	19	14	-6	17	-14	10	-26	-5	10	35	0	16	96
E274:	-12	12	0	-73	33	19	-7	3	10	1	20	0	-1	-19	18	-12	-17	-8	45	0	29	41
N275:	28	29	17	47	41	10	23	28	42	41	34	-72	44	16	45	-23	-2	34	52	0	39	473
S276:	-56	-32	-18	-51	-1	-27	-38	-11	-71	-19	-17	-73	-12	-54	-35	-84	-58	-27	29	0	-6	-661
S277:	-31	-21	-5	-6	-3	-17	-43	2	-16	-3	-8	-53	-10	-27	-11	-80	-40	-11	26	0	-8	-365
D278:	-2	18	-33	-14	30	5	25	30	20	29	29	4	40	-2	28	-13	-10	21	46	0	27	278
K279:	-33	15	1	-35	25	-6	-46	-26	-92	-30	-37	-52	-7	-55	-76	-47	-61	-28	35	0	-13	-568
I280:	-51	-48	-14	-43	-57	-20	-38	-89	-62	-87	-78	-50	-34	-53	-47	-65	-67	-81	-20	0	-52	-1056
D281:	-47	-29	-84	-76	-21	-41	-46	-22	-38	-26	-22	-60	-17	-58	-29	-64	-64	-32	14	0	-27	-789
P282:	-59	-20	-59	-62	-26	-46	-68	-37	-76	-40	-46	-77	-84	-73	-58	-67	-66	-49	23	0	-41	-1031
T283:	-73	-65	-71	-79	-39	-60	-68	-59	-74	-58	-62	-81	-58	-79	-55	-87	-95	-67	8	0	-49	-1271
D284:	6	39	-86	-19	69	-9	69	70	44	72	67	-26	77	56	77	-16	49	66	79	0	75	759
L285:	28	39	87	83	-4	62	80	-49	64	-88	-45	80	57	43	62	50	35	-37	74	0	60	681
S286:	-74	-47	-36	-65	-15	-48	-70	-27	-66	-48	-33	-70	-15	-65	-52	-94	-80	-41	38	0	-24	-932
F287:	68	49	90	86	-85	83	81	58	88	59	59	81	91	82	86	81	80	65	72	0	48	1322
H288:	27	37	-20	25	50	19	-62	48	11	50	70	-61	66	3	34	-4	22	38	80	0	33	466
L289:	51	28	88	81	-30	84	78	-37	84	-89	-45	79	87	70	83	73	68	-28	75	0	22	822
Q290:	57	56	81	66	77	76	70	74	23	74	55	71	86	-85	44	67	70	65	82	0	70	1179
V291:	44	28	78	72	72	76	79	6	84	50	68	71	82	76	83	66	54	-70	87	0	79	1185
L292:	57	43	87	83	66	87	84	-48	88	-61	49	83	90	79	87	80	76	-26	84	0	80	1168
M293:	74	62	91	90	77	87	84	68	91	67	-89	87	92	79	90	84	83	62	87	0	79	1445
E294:	74	77	76	-77	87	88	83	86	88	87	83	83	92	76	89	83	83	83	90	0	86	1517
V295:	35	15	76	68	11	72	73	-47	80	-32	4	66	77	70	79	59	50	-82	78	0	67	819
I296:	66	48	88	84	70	87	84	-84	88	-37	53	84	89	80	88	80	76	-34	86	0	81	1177
D297:	66	67	-83	62	85	80	82	84	87	86	82	73	88	74	87	66	70	82	89	0	86	1413
H298:	83	83	91	88	85	88	-85	86	90	86	83	80	93	74	86	87	88	83	88	0	78	1535
P299:	16	53	78	79	80	38	70	77	82	79	72	73	-84	64	83	-22	16	71	84	0	78	1087
E300:	64	60	62	-89	80	83	72	77	81	81	72	75	88	59	83	77	75	71	86	0	78	1335
L301:	51	33	84	77	25	80	76	-13	82	-74	-62	76	85	66	80	71	67	-19	72	0	64	921
N302:	27	25	41	49	57	27	25	55	55	57	43	-94	67	28	61	18	22	50	72	0	53	738
Y303:	53	47	75	75	-22	72	60	48	79	23	56	73	82	69	76	68	70	48	34	0	-66	1020
L304:	45	44	85	81	-21	84	80	-6	86	-74	-9	81	87	76	84	59	57	4	75	0	40	958
Q305:	-3	15	19	-48	33	44	35	33	5	34	21	35	51	-81	24	9	13	18	47	0	27	331
E306:	27	68	20	-83	79	85	78	81	61	84	77	78	89	19	87	50	77	77	87	0	81	1222
N307:	-15	22	12	25	60	-8	-4	23	17	32	49	-67	-52	-15	30	-74	-72	10	74	0	57	104
R308:	66	79	92	76	87	78	39	83	31	74	80	73	84	62	-5	68	66	83	91	0	86	1393
L309:	49	32	89	84	62	86	83	22	88	-88	29	83	89	77	86	78	73	18	81	0	77	1198
I310:	9	-30	72	64	21	70	64	-76	60	-43	-19	64	63	55	73	34	13	-62	70	0	41	543
L311:	-1	-6	64	56	-3	55	48	-43	59	-79	-56	19	66	38	57	19	2	-36	49	0	42	350
L312:	48	20	87	81	59	83	78	19	83	-90	13	78	86	69	83	72	67	17	77	0	73	1103
L313:	54	29	88	83	62	84	79	-38	86	-90	9	80	88	70	84	75	69	-43	79	0	75	1023
D314:	-10	15	-57	-30	42	24	3	49	15	46	46	-6	57	-41	33	-21	0	37	77	0	1	280
I315:	26	-5	66	52	43	62	51	-90	64	-52	9	46	70	-3	62	-32	35	-79	66	0	54	445
A316:	-64	32	72	71	72	22	71	58	72	69	61	60	73	64	73	-26	49	49	78	0	73	1029
L317:	57	45	87	83	70	86	82	22	87	-41	13	82	89	77	85	75	68	37	82	0	80	1266
N318:	-22	-5	-2	-15	30	-11	5	17	-23	2	12	-60	28	-46	0	-43	-31	9	65	0	26	-64
Y319:	46	44	71	62	32	67	45	53	18	52	59	26	82	38	35	55	54	50	66	0	0	955
L320:	50	37	83	78	20	82	77	-29	83	-54	-2	77	85	71	82	72	67	-11	76	0	71	1015
I321:	0	-6	48	27	-18	35	0	-53	-22	-35	-14	18	50	1	-17	-24	0	-24	35	0	-24	-23
L322:	-32	-23	28	-19	-27	19	-24	-45	-52	-77	-50	-14	30	-33	-27	-33	-73	-55	21	0	-35	-521
V323:	9	14	65	44	28	60	63	-59	51	-14	-3	50	67	56	70	3	1	-78	70	0	38	535
P324:	12	8	41	37	26	36	24	33	43	31	37	20	5	27	50	11	20	22	52	0	-7	528
T325:	1	-26	53	52	-22	34	25	10	51	16	30	24	54	33	48	-14	-53	-18	51	0	-4	345
H326:	9	29	19	19	35	20	-52	35	6	31	29	-16	57	1	24	-8	-25	21	51	0	22	307
C327:	-28	-61	38	-24	52	28	43	29	-13	37	40	7	61	15	33	-20	-35	17	69	0	49	337
L328:	74	62	94	92	76	92	90	46	92	-81	51	91	94	87	92	88	84	43	88	0	84	1439
H329:	72	75	90	86	79	84	-84	81	87	84	80	77	92	71	83	81	82	78	86	0	71	1455
S330:	-61	-10	-14	-55	19	-27	-14	14	-68	4	6	-40	24	-39	-17	-88	-66	-4	68	0	12	-356
N331:	-33	20	4	-5	51	-6	-10	-15	-8	10	3	-78	21	-45	5	-54	-85	-8	68	0	17	-148
F332:	62	53	89	84	-35	83	82	12	85	-43	12	83	89	79	84	80	77	15	78	0	35	1104
G333:	11	39	73	75	66	-73	68	63	79	64	63	56	81	61	77	12	58	57	74	0	69	1073
E334:	5	45	19	-64	69	52	44	43	4	41	38	24	66	14	54	-8	-31	29	79	0	69	592
L335:	59	49	85	81	58	83	79	-9	84	-64	-15	79	86	74	83	63	71	11	75	0	68	1100
G336:	72	78	92	92	91	-69	90	90	93	90	89	88	93	87	93	81	87	87	92	0	91	1607
S337:	33	48	81	76	77	61	72	75	78	76	69	58	83	62	80	-87	-36	69	84	0	77	1136
T338:	38	56	81	84	80	80	81	40	87	59	73	72	82	78	88	30	-71	10	85	0	79	1212
Q339:	75	73	88	78	86	88	81	83	38	83	74	83	92	-87	57	81	83	78	88	0	81	1403
S340:	46	54	83	80	76	67	74	75	82	76	73	67	85	71	83	-58	2	71	85	0	76	1268
L341:	78	67	95	93	70	94	91	53	94	-82	56	92	94	88	93	90	88	58	87	0	83	1482
A342:	-85	-36	32	16	-5	-19	-12	-34	9	-27	-12	-6	-12	-9	16	-78	-41	-54	44	0	-19	-332
S343:	-58	55	68	51	80	14	76	78	66	63	74	35	71	48	70	-51	16	52	87	0	80	975
T344:	26	45	77	81	46	70	76	-37	85	-42	14	63	76	71	85	46	-56	-4	82	0	76	880
L345:	46	22	84	78	-27	81	75	-76	83	-61	-30	76	85	68	82	68	62	-50	73	0	65	804
N346:	69	67	79	86	85	71	73	84	85	84	81	-75	85	73	85	64	70	82	89	0	83	1420
I347:	0	-5	71	62	8	66	60	-79	73	-49	-79	59	73	47	70	47	44	-46	61	0	47	530
I348:	-32	-18	67	54	-18	58	51	-86	34	-91	-60	49	40	37	61	-5	-49	-82	58	0	43	111
Q349:	8	40	23	-10	43	17	3	29	18	-8	5	-5	44	-92	20	-19	-1	10	76	0	29	230
F350:	34	16	77	69	-65	65	61	37	72	31	29	66	79	61	69	59	56	40	54	0	-7	903
L351:	39	0	86	79	52	82	76	-55	83	-90	-50	77	86	63	82	70	63	-63	75	0	69	824
L352:	34	10	86	79	51	81	75	-53	81	-90	-47	75	85	66	80	69	58	-64	74	0	66	816
S353:	-57	-14	54	58	58	-34	57	52	65	54	47	33	42	50	68	-85	-33	21	71	0	59	566
K354:	80	82	91	89	90	86	79	85	-80	85	81	80	91	44	-11	75	78	85	93	0	89	1392
F355:	75	66	94	91	-71	91	88	75	93	78	75	91	95	89	92	88	87	80	83	0	68	1528
L356:	39	13	77	72	47	76	71	-22	76	-78	19	70	80	62	75	64	59	-30	67	0	64	901
I357:	41	15	78	72	52	76	69	-86	77	-34	28	69	81	62	76	61	57	-33	71	0	60	892
N358:	33	49	32	54	73	31	62	72	37	73	69	-63	75	32	71	19	26	68	83	0	72	968
M359:	31	36	80	77	50	70	70	-13	79	6	4	74	82	62	78	59	58	-15	84	0	54	1026
G360:	18	47	44	37	74	-70	46	70	60	73	74	12	61	30	60	13	34	65	80	0	74	902
S361:	18	50	49	51	74	28	58	73	49	74	67	-61	81	60	72	-62	8	69	82	0	73	913
I362:	29	-9	84	79	66	82	78	-68	85	3	22	77	77	71	83	72	35	-39	81	0	72	980
S363:	-13	13	44	31	48	15	38	40	35	34	35	7	51	14	46	-74	-60	29	74	0	47	454
Q364:	-24	-4	-12	-66	18	7	-7	13	-15	8	-3	-16	29	-74	-3	-46	-27	-6	22	0	1	-205
L365:	40	24	72	66	11	70	63	-10	71	-75	16	63	76	54	70	50	54	-9	61	0	13	780
I366:	14	6	58	49	21	54	41	-61	46	-12	1	40	58	33	49	-6	-26	-16	63	0	33	445
N367:	-52	-27	-68	-49	4	-51	-54	-9	-47	-12	-27	-93	-12	-63	-35	-78	-68	-21	53	0	-9	-718
Q368:	-52	-27	-39	-73	-12	-8	-46	-30	-73	-34	-46	-50	-4	-87	-45	-58	-50	-43	40	0	-26	-763
Y369:	42	33	73	66	-40	67	20	15	64	6	29	62	74	41	60	49	52	16	7	0	-69	667
N370:	41	32	51	53	60	36	25	55	47	59	50	-88	56	24	49	22	21	47	69	0	52	761
R371:	15	25	65	40	27	49	-7	-5	-27	-26	-7	26	58	2	-48	20	10	0	52	0	18	287
K372:	-13	37	35	-6	50	22	-37	-6	-87	-11	-20	-8	30	-41	-59	-16	-36	-7	62	0	5	-106
C373:	-33	-62	50	43	28	28	35	11	25	5	20	20	48	16	37	-7	-6	-7	53	0	27	331
I374:	15	-12	50	36	-44	43	13	-88	24	-74	-52	29	43	9	26	11	-17	-61	17	0	-25	-57
T375:	-42	-29	-5	-18	0	-16	-26	-18	-27	-28	-23	-57	-9	-45	-18	-71	-90	-38	14	0	-20	-566
T376:	-62	-51	-32	-43	-22	-37	-53	-39	-50	-48	-47	-71	-39	-63	-41	-82	-94	-56	-7	0	-33	-970
N377:	-23	15	-46	-20	34	-37	-49	-5	-25	-4	23	-90	-10	-53	-23	-53	-70	-14	48	0	-14	-416
N378:	-53	-34	-53	-64	-15	-49	-63	-33	-69	-35	-37	-88	-34	-74	-55	-75	-74	-42	38	0	-26	-935
I379:	-31	-46	12	-4	-72	-2	-46	-91	-28	-91	-77	-26	-6	-35	-30	-42	-52	-84	-28	0	-74	-853
N380:	-49	-35	-45	-48	-26	-55	-65	-40	-59	-59	-43	-87	-24	-71	-51	-71	-72	-49	-3	0	-35	-987
N381:	-55	-33	-43	-49	-19	-55	-62	-49	-58	-43	-38	-86	-31	-68	-49	-74	-77	-64	2	0	-32	-983
N382:	-23	17	-24	-25	8	-36	-45	0	-55	-5	-11	-88	1	-52	-36	-51	-52	-11	44	0	-6	-450
N383:	-30	-21	-19	-22	-15	-30	-50	-38	-29	-49	-29	-76	-8	-54	-25	-55	-60	-47	13	0	-24	-668
I384:	-35	-36	0	-37	-39	0	-19	-82	-48	-79	-69	-25	1	-39	-27	-47	-50	-70	43	0	-33	-691
N385:	23	22	42	43	44	20	14	41	39	41	29	-88	48	10	39	17	10	36	58	0	41	529
N386:	-30	-6	-17	-23	6	-30	-43	-31	-32	-30	-10	-76	11	-49	-23	-57	-62	-45	36	0	-6	-517
N387:	-46	-26	-51	-49	-3	-56	-55	-17	-52	-22	-25	-89	-14	-66	-41	-75	-75	-29	47	0	-19	-763
G388:	-11	32	51	43	55	-50	38	54	43	52	51	23	49	18	48	-19	24	37	63	0	49	650
V389:	-16	-32	39	13	-17	22	12	-82	16	-61	-46	13	17	-15	21	-7	-36	-90	57	0	-14	-206
I390:	-6	-4	34	5	-5	32	16	-67	-14	-61	-40	3	35	-5	8	-36	-41	-46	33	0	2	-157
N391:	-17	0	-37	-16	22	-44	-32	14	-19	10	1	-86	12	-41	-4	-61	-45	3	63	0	11	-266
G392:	-10	15	46	39	42	-56	20	42	37	41	32	9	38	8	40	-52	-19	30	72	0	31	405
S393:	-58	-26	-46	-46	19	-45	-50	-22	-51	-28	2	-67	-30	-61	-34	-94	-86	-36	33	0	18	-708
T394:	-35	-34	-9	-9	6	-16	-25	-11	-19	-12	17	-68	-8	-38	-7	-68	-91	-27	48	0	-4	-410
N395:	-34	-10	-22	-33	7	-28	-42	-9	-38	-18	-13	-79	3	-56	-26	-62	-71	-25	25	0	-6	-537
T396:	-14	11	55	48	42	48	42	35	44	36	27	-16	41	22	51	-53	-88	27	49	0	40	447
T397:	-66	-55	-33	-49	-33	-45	-52	-63	-52	-60	-51	-69	-38	-69	-44	-82	-93	-74	-16	0	-42	-1086
S398:	-48	-1	-3	-21	34	-29	-28	-3	-50	-6	-16	-50	-12	-44	-21	-90	-74	-17	47	0	33	-399
T399:	-42	-12	-14	-20	26	-29	-33	-29	-25	-24	0	-69	-25	-49	-15	-67	-93	-38	27	0	18	-513
T400:	-25	9	19	10	45	48	30	36	1	38	26	-22	0	26	47	-63	-89	-16	43	0	37	200
T401:	-37	-30	2	-16	5	-5	-16	-11	-46	-13	-21	-36	-9	-39	-18	-56	-90	-29	42	0	-8	-431
T402:	-28	2	6	3	40	32	30	27	-6	29	16	-36	-6	14	39	-70	-91	-24	43	0	34	54
T403:	-30	14	17	12	48	2	-6	8	5	10	30	-43	8	-19	12	-41	-84	-7	52	0	40	28
I404:	24	13	59	46	0	52	35	-78	33	-58	-35	42	57	26	38	21	10	-59	37	0	7	270
T405:	-21	-15	25	12	16	10	3	-15	9	-11	-20	-11	9	-13	11	-29	-75	-44	48	0	12	-99
N406:	9	31	24	22	50	1	25	48	17	48	40	-75	54	-14	20	-26	-14	42	61	0	46	409
N407:	3	24	12	12	43	-5	-19	41	7	18	32	-77	20	-35	4	-19	-20	35	54	0	37	167
N408:	-5	16	3	-4	34	-10	-24	7	-9	8	23	-78	17	-46	-4	-24	-30	0	45	0	-1	-82
N409:	28	30	53	46	41	34	29	42	44	41	29	-58	46	-5	44	17	26	37	49	0	37	610
N410:	25	27	26	29	40	12	27	38	9	39	32	-58	44	14	38	-5	10	34	47	0	37	465
S411:	6	15	51	34	35	32	23	30	28	28	24	22	38	14	33	-50	-23	16	53	0	36	445
N412:	22	35	28	31	48	9	9	48	29	35	40	-58	38	1	31	11	8	42	55	0	31	493
N413:	43	44	66	64	52	47	40	59	60	59	49	-50	64	35	62	41	44	55	62	0	30	926
S414:	-14	12	52	37	38	24	20	37	28	36	25	-11	41	11	12	-76	-35	29	49	0	39	354
S415:	-5	21	35	21	40	14	10	4	13	-2	25	-2	26	-16	18	-72	-30	4	51	0	42	197
I416:	22	12	45	28	0	43	17	-75	14	-61	-35	24	33	-3	22	7	-34	-34	42	0	1	68
S417:	-43	-7	3	-18	14	-20	-28	-8	-25	-31	0	-51	-7	-52	-18	-83	-42	-18	24	0	-3	-413
N418:	-17	6	-12	-16	2	-30	-51	-23	-30	-5	10	-79	2	-40	-14	-42	-36	-14	31	0	-7	-365
N419:	-24	-7	-6	-27	8	-12	-25	-4	-34	-5	-9	-69	-13	-47	-24	-37	-46	-18	33	0	-2	-368
N420:	-4	9	15	10	23	-9	3	22	-2	24	16	-82	30	-28	-2	-37	-35	15	37	0	22	27
R421:	-6	10	-10	-15	22	31	-8	4	-48	1	-9	-6	24	-26	-71	-7	-5	4	53	0	18	-44
K422:	-1	21	22	2	35	29	-5	1	-73	1	-5	8	18	-15	-20	1	3	0	44	0	31	97
I423:	31	20	77	54	27	75	66	-72	13	-18	-5	52	60	59	71	35	28	-43	67	0	59	656
D424:	10	29	-63	-1	45	20	30	55	28	35	51	-8	50	8	38	0	-2	27	42	0	51	445
W425:	82	78	93	91	54	90	88	83	92	83	82	90	95	88	91	87	90	83	-23	0	69	1586
T426:	11	10	48	42	-5	30	13	24	-1	22	13	-15	41	9	32	0	-51	12	39	0	-16	258
Q427:	2	30	30	12	44	33	-27	11	-44	6	26	-34	43	-70	-10	9	4	5	56	0	12	138
S428:	-40	-28	5	-23	-12	-27	-50	-1	-58	-15	-14	-45	3	-52	-72	-82	-52	-19	3	0	-52	-631
Y429:	35	31	58	45	-19	54	18	19	-9	13	28	36	63	18	16	36	22	21	15	0	-65	435
Q430:	-20	20	-38	-30	31	0	-30	-9	-25	-13	15	-74	23	-78	-13	-28	-21	-12	47	0	-7	-262
T431:	-7	19	32	19	47	8	34	39	-28	16	30	-33	22	-11	13	-58	-82	5	53	0	42	160
R432:	18	53	36	28	64	53	19	34	-56	29	28	28	59	5	-50	17	19	30	73	0	40	527
Y433:	71	78	93	86	6	84	51	53	86	58	86	82	95	77	84	80	81	63	83	0	-62	1335
Q434:	-21	2	31	-3	12	34	8	-13	6	-8	-9	17	40	-54	18	-14	-10	-35	34	0	10	45
I435:	64	48	84	81	63	83	80	-68	85	-11	49	79	87	74	84	74	72	-6	79	0	74	1175
P436:	57	57	82	81	81	77	73	77	81	77	70	77	-85	71	84	63	70	73	85	0	80	1331
Y437:	7	18	14	21	-22	39	-3	9	-17	1	20	11	48	2	19	-21	12	7	26	0	-76	115
W438:	46	45	78	72	21	52	66	60	77	59	53	67	87	64	76	47	63	57	-85	0	0	1005
F439:	66	56	85	79	-78	79	72	63	82	65	59	78	85	75	80	76	74	66	66	0	-17	1211
E440:	23	48	0	-70	66	53	-27	68	54	67	60	34	67	11	59	38	39	63	77	0	63	793
D441:	-16	31	-71	-66	36	16	23	8	6	27	28	-2	43	-11	24	-25	-37	10	72	0	38	134
S442:	-41	-10	10	-25	23	-13	-47	17	-19	11	8	-43	24	-36	-7	-80	-43	-4	62	0	13	-200
I443:	60	42	80	77	29	79	74	-83	81	-46	-18	74	81	70	80	69	67	-6	72	0	65	947
L444:	62	50	84	81	40	84	81	-25	86	-64	4	80	86	76	85	76	73	3	80	0	75	1117
P445:	63	67	86	86	84	82	80	83	87	83	76	82	-72	78	89	73	75	80	88	0	83	1453
P446:	-9	5	38	32	34	26	18	33	23	24	21	10	-68	-4	39	-30	-15	22	49	0	9	257
I447:	52	30	79	73	19	77	70	-88	79	-63	-38	70	80	63	77	61	59	-31	74	0	66	809
P448:	65	68	86	86	88	84	82	83	86	83	77	82	-81	79	90	75	74	79	89	0	86	1461
P449:	57	60	85	84	83	79	78	79	83	78	71	78	-82	74	87	67	68	75	86	0	82	1372
I450:	65	40	89	86	62	87	82	-95	86	20	34	82	88	78	85	77	73	13	80	0	71	1203
S451:	-21	28	68	61	56	12	60	60	60	61	51	44	63	48	61	-85	33	53	76	0	64	853
K452:	75	77	92	87	86	86	74	78	-83	78	71	82	90	72	63	77	78	77	90	0	85	1435
S453:	48	62	85	83	85	69	80	84	83	84	79	66	87	73	84	-90	56	80	90	0	85	1373
L454:	23	20	78	70	14	61	67	-17	73	-73	-42	67	78	56	72	34	29	-18	63	0	57	712
F455:	76	68	94	92	-71	90	88	74	92	79	76	91	94	89	91	88	87	80	83	0	71	1532
T456:	-43	-34	53	21	14	31	47	-74	29	-22	-23	25	6	-12	64	-40	-88	-81	58	0	47	-22
F457:	83	76	96	94	-77	93	91	80	94	82	80	93	96	91	93	91	91	84	85	0	73	1589
D458:	51	49	-74	-21	72	67	70	73	75	78	74	60	80	57	78	48	55	67	80	0	77	1116
K459:	-37	-9	-10	-37	-1	-6	-50	-20	-89	-27	-26	-65	14	-75	-64	-53	-42	-23	20	0	-24	-624
N460:	-40	-20	-55	-51	1	-31	-44	-10	-60	-11	-16	-88	-7	-60	-39	-63	-62	-20	42	0	24	-610
L461:	22	6	44	5	-21	32	3	-27	20	-84	-47	-15	35	2	6	-25	-36	-18	22	0	-11	-87
D462:	-37	5	-88	-71	27	-11	-42	-19	-44	-28	-20	-37	5	-74	-15	-40	-51	-22	39	0	26	-497
H463:	-9	1	-46	-17	-21	-9	-86	-41	-25	-25	-19	-60	18	-35	-15	-29	-23	-29	4	0	-55	-521
E464:	-67	-16	-52	-89	-22	-47	-45	-34	-50	-41	-38	-49	4	-63	-30	-60	-47	-46	29	0	12	-751
S465:	-49	-42	-32	-30	-2	-56	-58	-11	-69	-17	17	-87	-35	-52	-32	-92	-71	-27	46	0	-15	-714
D466:	25	45	-27	11	65	42	66	66	47	67	64	36	58	28	49	-1	27	62	74	0	66	870
S467:	2	13	55	42	-11	25	-1	27	43	3	18	8	55	22	43	-46	-10	16	45	0	-25	324
I468:	38	35	64	59	32	44	57	-62	38	-2	18	56	68	48	58	47	33	-10	69	0	48	738
M469:	46	47	77	73	11	70	56	19	76	30	0	64	80	40	74	63	61	31	65	0	-1	982
I470:	52	45	75	78	50	74	76	-31	75	28	39	53	85	72	74	57	55	16	77	0	69	1119
V471:	34	40	81	75	69	78	82	-5	84	55	69	74	83	78	84	66	6	-37	84	0	78	1178
N472:	-7	33	22	-7	67	15	34	44	22	43	35	-46	42	-13	37	-44	-52	31	76	0	64	396
D473:	-4	19	-48	0	52	25	52	46	41	30	42	-8	62	27	50	-34	-3	39	80	0	59	527
V474:	41	26	80	74	66	77	78	-55	83	-60	55	72	82	75	84	66	59	-61	84	0	76	1002
L475:	36	20	78	71	22	73	67	-2	77	-71	20	68	80	60	75	60	56	5	63	0	53	911
R476:	9	48	39	-10	47	42	-29	30	-41	30	22	-38	58	0	-42	7	11	29	74	0	40	326
C477:	-13	-21	75	73	76	50	72	70	74	73	70	59	76	73	76	-27	21	60	89	0	77	1103
L478:	71	58	94	91	78	92	89	49	92	-77	48	90	94	86	91	87	84	49	88	0	85	1439
N479:	22	30	48	60	58	36	48	33	52	48	43	-12	59	35	59	-1	-13	29	82	0	56	772
L480:	-18	-18	59	48	30	30	47	-8	54	-36	-31	39	60	29	55	-8	17	-14	69	0	43	447
T481:	11	26	64	69	52	63	69	-9	75	22	31	47	68	61	77	39	-27	-28	74	0	67	851
I482:	72	43	90	87	76	88	85	-84	90	-34	55	85	90	81	89	78	75	-28	89	0	85	1212
L483:	14	25	77	57	26	61	70	-42	64	-55	-7	51	70	44	65	18	33	-31	69	0	46	655
L484:	19	21	79	73	46	76	70	-64	77	-48	-39	69	81	61	76	62	16	-32	68	0	62	773
I485:	7	-3	42	40	35	41	31	-48	36	-3	8	-33	66	21	42	-29	-37	-18	80	0	41	319
S486:	-54	-23	-12	-30	18	-42	-18	-27	-74	-1	-2	-47	11	-38	-24	-86	-84	-17	66	0	14	-470
K487:	6	49	31	11	64	34	18	33	-54	31	19	-17	55	11	12	-9	14	29	75	0	62	474
L488:	33	15	72	66	35	68	62	-26	71	-63	-5	62	74	53	69	56	52	-18	57	0	53	786
L489:	52	32	88	84	55	86	81	15	84	-89	25	82	89	75	83	78	73	18	78	0	70	1159
R490:	2	22	60	24	42	48	22	22	-33	4	16	19	58	2	-53	-10	5	18	69	0	41	378
D491:	-9	3	-77	-64	27	12	8	38	25	34	25	-9	45	-52	30	-20	-10	26	54	0	18	104
Y492:	83	78	94	93	58	92	84	80	93	84	86	93	95	90	93	91	91	80	78	0	-74	1562
D493:	-34	7	-72	-59	13	-21	-19	6	-54	4	-2	-66	20	-67	-24	-44	-40	-6	52	0	10	-396
D494:	-14	36	-54	-40	38	22	33	26	19	5	23	-2	51	-44	30	-39	-16	20	49	0	33	176
L495:	23	37	87	83	-25	84	77	-46	81	-90	-55	80	87	72	80	31	69	-29	73	0	9	728
K496:	-20	0	13	-24	14	-3	-27	-10	-85	-12	-18	-43	23	-66	-51	-56	-26	-9	51	0	7	-342
I497:	51	21	77	71	17	73	69	-87	77	-64	-21	68	77	62	75	60	57	-33	68	0	59	777
N498:	17	35	-5	30	60	2	10	57	35	60	52	-73	62	33	64	0	6	53	73	0	60	631
P499:	40	68	85	86	86	63	80	81	88	84	79	82	-62	81	90	16	49	78	89	0	86	1349
L500:	65	48	90	86	60	89	83	32	87	-85	35	85	91	79	86	81	77	34	83	0	76	1282
I501:	8	-1	58	24	-5	50	22	-64	41	-43	-47	37	56	15	36	17	-13	-55	41	0	-23	154
Q502:	-5	16	26	2	24	31	23	-14	2	-5	0	-21	49	-54	24	-3	-1	-3	63	0	24	178
S503:	-37	-13	-32	-20	15	-13	-15	12	-19	7	4	-57	-16	-30	-3	-79	-71	-4	31	0	5	-335
S504:	-1	30	51	38	52	13	42	32	22	33	43	15	43	14	35	-66	-13	19	62	0	51	515
D505:	-8	9	-62	-23	-6	10	23	28	6	26	22	-32	38	-8	26	-46	-13	19	65	0	24	98
D506:	-5	15	-33	-21	36	19	28	27	10	28	25	0	32	-8	25	-12	-8	16	58	0	36	268
H507:	2	13	32	1	-4	4	-67	0	-23	-7	-11	-2	26	-17	-5	4	-21	-12	16	0	-33	-104
S508:	-27	-10	17	-5	20	-4	-12	10	-24	10	2	-70	-33	-23	-11	-84	-82	-3	47	0	16	-266
N509:	-5	4	17	11	-18	2	-18	8	7	-10	1	-65	18	-22	8	-65	-58	1	46	0	9	-129
E510:	-14	-6	-34	-65	45	29	3	14	7	12	11	-20	38	-14	25	-12	-33	1	56	0	44	87
D511:	1	13	-48	-23	39	33	44	-15	42	7	22	28	55	15	48	0	-1	-31	74	0	45	348
N512:	17	42	36	33	65	16	20	63	-19	43	55	-72	48	-1	-8	-7	7	35	76	0	62	511
H513:	7	16	37	20	-7	25	-67	9	29	-8	11	11	54	1	19	8	6	-9	35	0	-30	167
V514:	-44	-56	7	-26	-54	-18	-41	-72	-58	-85	-65	-36	-7	-73	-32	-48	-55	-90	-12	0	-71	-936
I515:	47	31	76	70	23	72	67	-68	75	-21	6	67	77	62	74	58	56	-3	65	0	57	891
I516:	-9	-4	45	16	20	40	36	-53	-7	-28	-14	26	52	-3	26	-7	-28	-24	48	0	30	162
E517:	8	40	18	-50	66	19	45	65	45	48	55	32	66	-5	38	31	35	40	76	0	63	735
Q518:	-11	11	2	-1	38	16	35	39	-18	16	18	-18	33	-80	17	-6	-2	14	49	0	30	182
Y519:	64	61	85	85	16	82	74	68	88	68	74	85	91	84	87	81	82	63	77	0	-10	1405
M520:	36	30	76	76	39	69	62	9	80	-18	-70	72	83	62	78	67	64	22	72	0	52	961
Q521:	39	37	44	-44	59	61	61	58	76	59	53	58	79	-37	78	50	50	43	73	0	55	952
L522:	38	11	84	76	47	78	71	-56	80	-90	5	72	85	56	78	65	60	-4	69	0	68	893
Y523:	54	26	91	90	-6	77	51	53	92	57	81	78	94	86	90	74	70	52	52	0	-70	1192
L524:	26	6	73	66	-57	68	56	-20	73	-54	9	63	75	54	72	53	49	-23	23	0	-35	577
V525:	45	22	84	78	76	81	83	-83	88	20	68	76	87	80	87	70	61	-66	90	0	83	1130
P526:	77	75	87	90	91	85	88	88	92	90	87	86	-64	86	93	75	83	86	93	0	90	1578
L527:	17	25	80	47	19	78	71	-60	79	-73	-51	72	84	59	78	2	35	-27	69	0	63	667
F528:	20	19	83	74	-41	72	71	-62	75	-42	-52	73	81	66	72	65	55	-23	69	0	52	727
T529:	38	44	66	72	74	62	70	67	75	68	30	48	72	63	80	-33	-75	61	78	0	73	1033
S530:	-35	-13	34	41	61	-9	62	38	45	40	51	-3	43	25	48	-81	-53	24	75	0	62	455
L531:	29	20	80	73	21	75	72	-5	80	-64	28	71	81	63	78	63	61	15	70	0	66	977
L532:	30	11	75	67	30	70	65	6	73	-74	-9	63	77	52	71	57	54	5	58	0	52	833
L533:	46	24	87	81	46	83	77	9	84	-90	6	79	87	64	82	74	68	11	72	0	66	1056
A534:	-74	13	75	74	78	-10	73	64	75	73	61	56	78	62	77	-89	-15	59	83	0	77	890
Q535:	2	20	-44	-25	53	24	40	51	22	51	38	-29	43	-67	27	-3	5	35	65	0	46	354
Q536:	14	30	43	14	55	44	30	38	3	29	25	28	54	-66	26	17	24	20	66	0	35	529
L537:	57	45	88	84	56	87	82	35	86	-74	34	83	89	77	85	79	76	33	79	0	75	1256
K538:	-7	15	43	17	22	37	11	-28	-60	-20	-3	17	44	-3	-14	-19	-1	-7	53	0	23	120
D539:	-21	5	-65	-62	30	-11	-7	8	-4	8	-2	-65	12	-53	1	-39	-55	-1	42	0	32	-247
R540:	-28	2	34	-5	0	20	-44	-22	-65	-30	-22	-24	21	-40	-76	-32	-33	-17	26	0	-15	-350
G541:	-56	-26	-25	-25	-2	-85	-33	-4	-32	-6	-15	-53	-40	-55	-24	-71	-46	-20	35	0	-10	-593
Q542:	-65	-49	-55	-77	-45	-47	-74	-59	-84	-66	-68	-72	-47	-92	-80	-73	-72	-63	-14	0	-55	-1257
E543:	-54	-18	-72	-90	-4	-36	-55	-40	-52	-39	-21	-52	-35	-72	-44	-44	-49	-51	5	0	-10	-833
R544:	-8	16	30	13	20	23	-16	0	-53	-10	-7	-30	19	-22	-73	-34	-23	3	56	0	15	-81
D545:	-50	-31	-81	-73	-6	-42	-27	-17	-40	-17	-23	-56	-26	-57	-33	-66	-68	-29	36	0	-12	-718
E546:	-45	-10	-44	-88	6	-17	-44	-36	-57	-36	-38	-41	-11	-63	-37	-52	-47	-48	15	0	5	-688
G547:	-36	-16	16	14	-8	-79	-27	-12	0	-36	-20	-30	-10	-34	-5	-47	-25	-23	1	0	-16	-393
H548:	-27	-13	-2	-19	-47	-13	-90	-47	-45	-55	-44	-48	-14	-51	-52	-38	-50	-65	-24	0	-73	-817
K549:	-42	-26	-5	-35	-15	-15	-52	-39	-93	-43	-50	-49	-20	-55	-79	-62	-51	-39	23	0	-25	-772
E550:	-55	-14	-70	-92	-1	-41	-63	-47	-50	-47	-16	-59	-51	-75	-51	-52	-59	-58	7	0	-5	-899
K551:	17	15	52	32	23	39	-9	4	-91	9	-9	20	35	-1	-26	20	17	5	30	0	14	196
E552:	-69	-60	-75	-94	-54	-45	-70	-67	-67	-76	-65	-67	-46	-82	-64	-67	-70	-74	-6	0	-56	-1274
E553:	-29	-19	-14	-75	-13	2	-43	-35	-4	-21	-15	-41	13	-36	-7	-31	-22	-29	6	0	-25	-438
N554:	-49	-35	-44	-58	-13	-49	-55	-29	-61	-27	-34	-88	-48	-87	-51	-74	-86	-43	25	0	-28	-934
I555:	38	35	73	55	14	71	61	-69	49	-58	-20	49	73	27	49	37	28	-30	62	0	24	568
N556:	3	26	21	30	48	-30	1	46	22	46	39	-74	-8	-7	26	-5	-8	39	58	0	45	318
L557:	48	37	75	70	35	74	65	-15	69	-42	9	67	74	58	70	63	54	1	74	0	51	937
I558:	64	51	86	82	30	85	80	-78	84	-75	-7	81	86	75	83	76	72	-13	75	0	69	1006
G559:	16	28	62	57	27	-25	28	35	56	26	36	39	56	-9	51	16	35	28	56	0	-13	605
S560:	-64	-39	-10	-40	3	-64	-40	-3	-23	-8	-19	-47	-65	-52	-18	-91	-56	-25	46	0	-8	-623
S561:	-57	1	-40	-67	40	-47	-45	-6	-76	-14	-22	-68	-14	-64	-46	-90	-71	-24	49	0	32	-629
S562:	-45	-28	-9	-40	12	-28	-36	-26	-67	-6	-14	-54	-4	-57	-61	-92	-81	-21	56	0	5	-596
V563:	-11	-8	43	7	22	35	28	-18	-46	-3	-4	17	40	-16	-13	-38	-16	-56	65	0	14	42
K564:	-3	44	61	30	45	41	16	24	-68	18	16	29	57	7	-56	2	9	20	66	0	40	398
K565:	11	28	60	43	46	44	27	-10	-59	-1	14	23	60	13	-6	-12	10	19	74	0	45	429
L566:	53	39	82	77	49	80	76	-21	81	-58	-1	76	82	70	80	72	68	2	70	0	64	1041
F567:	20	18	73	66	-71	52	35	6	64	-24	-37	63	73	50	45	40	35	12	3	0	-64	459
S568:	-49	2	45	38	59	-37	51	57	36	34	46	-33	44	19	24	-74	-13	26	74	0	62	411
Q569:	3	29	32	-7	59	18	12	22	-68	-5	5	-4	46	-67	-34	-9	-5	7	70	0	23	127
L570:	26	26	79	73	-6	65	53	-36	70	-57	-7	70	82	44	68	44	42	-12	64	0	29	717
I571:	42	22	79	73	33	77	73	-60	81	-47	5	72	82	66	79	64	62	-14	69	0	62	920
F572:	53	45	88	82	-59	80	72	21	82	-2	40	80	89	65	76	74	67	46	60	0	16	1075
F573:	-46	-37	47	22	-72	15	-2	-54	22	-34	-23	1	47	-1	9	-35	-26	-38	21	0	-53	-237
S574:	8	38	36	41	65	7	-2	64	43	65	58	-62	58	19	47	-68	6	62	78	0	50	613
S575:	-19	-35	39	42	50	10	38	29	41	39	34	-1	47	23	46	-79	-73	6	79	0	50	366
L576:	17	7	74	63	31	68	59	-60	59	-65	-13	56	72	44	56	43	-14	-37	77	0	45	582
K577:	26	30	69	59	49	54	32	14	-71	36	30	2	72	33	-9	40	41	31	65	0	48	651
L578:	10	-8	79	60	24	77	71	-24	66	-60	-11	60	70	35	66	51	35	-50	67	0	43	661
C579:	-9	-66	63	58	18	42	48	-3	61	-20	22	44	63	52	59	17	24	-1	61	0	19	552
E580:	31	67	14	-85	82	82	74	79	51	80	74	74	89	9	85	41	17	74	86	0	80	1104
N581:	-34	11	-18	-60	56	-9	-5	21	-17	19	11	-75	24	-54	6	-65	-67	7	69	0	54	-126
L582:	64	50	92	89	71	90	87	-27	90	-88	35	88	92	82	89	84	79	-27	86	0	83	1209
V583:	-3	9	67	60	46	64	66	-83	72	-19	30	55	70	58	71	48	-45	-80	70	0	59	615
I584:	-52	-27	-35	-68	-51	-40	-72	-90	-78	-83	-76	-55	-23	-72	-53	-67	-63	-72	17	0	-9	-1069
K585:	-41	-10	29	-2	12	11	-16	-26	-85	-38	-23	-25	28	-26	-51	-38	-72	-42	60	0	2	-353
E586:	24	46	28	-50	63	48	-51	69	54	73	65	-18	83	12	51	32	64	65	78	0	56	792
K587:	17	54	66	57	71	-57	50	62	-59	63	54	33	63	29	6	25	32	61	78	0	69	774
N588:	70	71	51	86	86	32	67	85	83	86	82	-79	84	72	85	4	31	83	91	0	85	1255
L589:	27	28	86	82	26	85	81	-73	84	-62	-28	77	89	75	83	46	45	-62	79	0	52	820
A590:	-59	42	81	79	78	23	80	50	80	70	68	74	71	73	80	13	42	21	83	0	80	1129
L591:	54	37	89	85	71	87	84	30	88	-70	38	83	90	78	87	79	76	24	83	0	82	1275
Y592:	85	79	95	94	16	93	87	85	95	87	89	93	96	91	94	92	92	85	84	0	-58	1574
H593:	79	80	87	84	86	81	-89	87	85	87	84	15	92	72	82	73	81	84	90	0	34	1374
L594:	42	21	87	81	58	83	78	16	83	-90	17	77	87	69	82	72	66	14	76	0	72	1091
I595:	25	-3	73	64	36	67	61	-89	73	-55	9	61	76	50	69	49	43	-53	64	0	54	674
K596:	73	75	91	87	86	83	72	80	-83	80	74	79	91	69	-1	74	77	78	91	0	85	1361
F597:	31	14	77	67	-71	64	61	27	70	30	23	65	78	59	66	56	54	34	58	0	36	899
A598:	-79	-34	67	65	8	31	60	-79	61	-41	-30	45	64	47	60	5	-32	-89	71	0	58	258
T599:	14	44	57	47	73	41	69	68	60	69	61	27	57	40	76	-55	-66	64	79	0	74	899
K600:	45	69	89	71	83	67	44	75	-66	55	33	58	78	34	-14	52	53	59	87	0	81	1053
V601:	-22	19	79	71	64	72	76	-82	80	13	53	69	80	70	80	57	13	-79	80	0	70	863
S602:	40	46	79	70	77	59	63	76	72	79	71	49	80	57	76	-93	41	72	84	0	76	1174
L603:	-28	8	76	69	-38	70	65	-89	73	-90	-71	65	75	54	72	21	8	-84	58	0	-6	308
D604:	37	59	-35	-18	79	57	80	79	71	83	81	50	76	48	85	36	16	76	86	0	82	1128
D605:	69	72	-30	75	86	68	84	86	89	87	85	43	89	81	89	69	78	85	90	0	87	1482
L606:	45	27	82	75	45	80	74	17	80	-73	6	74	83	62	78	68	63	15	66	0	63	1030
I607:	17	14	61	54	37	51	61	-53	57	-6	25	43	59	38	57	1	-25	-17	58	0	22	554
L608:	42	15	80	74	9	77	73	-51	79	-78	-28	72	82	64	78	65	60	-30	67	0	58	808
Q609:	58	60	78	64	78	76	67	75	77	75	62	68	83	-88	78	65	68	66	81	0	71	1262
K610:	51	56	75	74	72	44	55	62	-49	64	58	15	77	39	19	50	54	61	80	0	71	1028
I611:	32	35	89	85	30	87	83	-90	64	-41	-10	83	89	78	87	78	44	-73	84	0	77	911
S612:	4	-18	62	66	67	30	68	65	71	66	60	30	65	61	73	-68	16	45	79	0	70	912
I613:	39	11	79	74	57	78	72	-77	80	27	29	70	82	64	78	62	59	3	77	0	70	1034
N614:	-1	28	17	0	41	10	15	32	-15	29	28	-38	36	-17	9	-8	-5	26	72	0	35	294
L615:	60	42	91	87	69	89	85	-16	89	-82	-37	85	90	79	89	81	75	33	84	0	80	1173
L616:	56	37	91	87	60	87	83	-39	88	-91	-57	84	90	77	87	80	75	20	80	0	76	1071
N617:	45	45	45	72	71	32	36	71	72	71	64	-60	75	55	72	11	49	68	80	0	66	1040
H618:	81	81	90	86	85	84	-81	89	89	89	87	76	94	80	88	78	83	86	91	0	80	1536
L619:	19	-3	71	61	28	65	57	-52	68	-86	-9	57	71	45	67	48	40	-24	54	0	48	625
F620:	70	58	94	90	-78	88	86	67	92	72	74	90	94	88	90	87	86	73	81	0	67	1469
F621:	77	64	95	92	-80	91	88	74	93	77	77	91	95	89	92	89	88	79	83	0	69	1523
H622:	54	59	79	70	69	61	-76	72	76	73	70	61	87	53	72	61	68	65	79	0	67	1220
Q623:	-42	-28	-18	-36	-18	-23	-43	-70	-49	-63	-45	-68	-37	-85	-34	-65	-53	-60	9	0	-22	-850
I624:	-27	-16	-3	-22	-24	-56	-24	-78	-44	-66	-47	-63	11	-61	-27	-51	-40	-53	11	0	-27	-707
R625:	30	50	74	55	61	62	35	49	-6	39	39	46	67	-3	-38	28	34	47	83	0	55	807
D626:	4	16	-65	-13	44	-13	13	40	24	42	60	-53	38	-1	29	-18	-6	32	75	0	40	288
G627:	-14	-9	-3	10	17	-73	-12	42	5	17	39	-59	13	-23	10	-52	-10	6	56	0	11	-29
S628:	-77	-32	-43	-53	6	-71	-28	3	-55	6	-12	-75	-51	-32	-5	-96	-77	-50	16	0	1	-725
D629:	1	18	-68	-7	65	-40	27	65	39	42	61	-39	35	11	42	-22	-3	29	71	0	39	366
D630:	-1	36	-71	-24	62	15	27	33	-14	33	55	-19	45	-4	27	-17	-22	22	71	0	63	317
D631:	-7	33	-47	-29	54	-10	22	33	17	33	28	-39	31	3	25	-35	-19	22	66	0	59	240
N632:	22	35	-19	34	57	15	16	56	39	57	48	-74	57	1	62	8	-13	50	67	0	54	572
L633:	16	3	57	44	-23	44	7	-13	37	-52	-18	32	53	22	34	-10	-19	-21	32	0	-46	179
I634:	49	26	79	73	50	76	71	-79	78	0	40	54	82	64	76	65	29	-33	72	0	62	934
K635:	42	60	76	70	54	65	46	15	-4	6	32	58	73	42	34	49	50	29	82	0	60	939
K636:	7	45	50	23	62	32	-2	14	-79	15	3	13	46	-54	-39	5	8	1	71	0	32	253
L637:	53	38	87	80	59	84	77	23	81	-90	17	78	82	70	78	73	68	28	66	0	68	1120
C638:	56	-80	95	95	85	93	93	75	94	71	91	93	96	93	94	86	88	73	95	0	93	1579
L639:	51	39	82	68	54	80	72	-12	71	-85	24	74	83	64	74	70	26	-7	73	0	64	965
K640:	-4	38	40	-43	57	62	31	43	-81	48	35	13	73	-84	-33	-1	-3	41	68	0	52	352
N641:	64	49	66	75	80	62	56	78	74	80	73	-90	81	54	75	54	54	74	87	0	77	1223
Q642:	4	40	22	-63	59	38	53	53	-15	24	46	18	46	-58	23	13	16	-3	68	0	54	438
L643:	67	54	90	87	69	88	85	40	88	-75	49	85	90	80	87	82	80	41	82	0	77	1346
S644:	53	56	85	80	80	73	78	79	82	80	76	73	86	74	83	-18	-43	72	87	0	81	1317
F645:	11	3	67	52	-46	56	42	1	29	-21	-1	25	67	27	25	-5	-56	-4	43	0	-1	314
Q646:	48	46	72	56	71	72	48	68	64	67	52	60	81	-94	68	52	59	56	77	0	62	1085
A647:	-78	6	61	58	72	12	72	5	55	35	31	37	47	40	48	-15	3	0	79	0	73	641
L648:	65	48	92	89	69	90	87	30	90	-87	44	88	92	83	89	85	81	37	84	0	80	1336
K649:	-3	14	29	-8	11	21	-53	6	-76	-6	3	-36	50	-13	-39	-4	6	3	45	0	-30	-80
D650:	-36	14	-87	-42	52	0	47	24	-2	26	48	-55	36	-13	23	-62	-27	14	66	0	58	84
Y651:	87	83	96	95	73	94	89	88	95	90	91	94	97	93	95	93	93	87	89	0	-56	1666
I652:	72	46	91	88	72	90	85	-91	90	50	56	86	92	83	89	81	75	28	86	0	80	1349
T653:	-22	-3	5	-6	31	-8	3	17	-10	14	11	-45	24	-16	22	-58	-86	3	54	0	28	-42
L654:	16	10	73	66	-5	69	51	-60	72	-88	-64	62	75	53	71	22	13	-65	58	0	44	473
W655:	87	80	95	91	70	93	93	88	94	89	87	93	97	91	94	93	92	87	-78	0	72	1608
N656:	72	71	77	84	85	72	64	84	83	85	79	-86	86	68	85	67	66	81	90	0	83	1396
D657:	51	52	-88	45	76	69	70	74	79	78	73	60	82	61	79	54	57	70	82	0	77	1201
G658:	36	38	71	68	71	-95	50	70	72	72	61	49	52	28	69	29	50	60	70	0	64	985
S659:	-34	-2	46	26	34	26	21	27	29	29	17	10	36	7	32	-93	-86	20	43	0	33	221
E660:	13	38	-3	-83	58	31	27	57	29	58	51	14	38	-11	42	1	19	51	68	0	55	553
V661:	-20	-23	2	-14	-2	11	7	-47	-38	-32	-29	-24	6	-27	-30	-45	-69	-84	54	0	-9	-413
Y662:	83	76	95	93	68	93	87	85	94	87	90	93	96	91	94	93	93	84	85	0	-57	1623
N663:	-22	27	-5	-21	56	-20	-12	18	-59	17	7	-75	8	-76	-21	-67	-40	8	66	0	51	-160
A664:	-67	-7	29	10	33	-55	24	3	-46	-32	2	-13	-11	-10	3	-44	-31	-13	74	0	29	-122
F665:	57	30	87	81	-88	79	74	45	83	58	51	79	88	75	80	75	74	57	63	0	42	1190
Y666:	67	64	88	86	-48	84	75	68	88	71	76	86	93	80	87	83	81	67	76	0	-20	1352
K667:	-24	9	14	-38	28	18	-16	-7	-89	-2	-7	-17	22	-35	-48	-32	-30	-8	62	0	24	-176
E668:	-36	11	-68	-89	41	-9	-18	-7	-57	-6	-13	-33	19	-79	-24	-35	-28	-17	54	0	38	-356
L669:	23	20	65	55	9	62	52	-48	61	-74	-31	53	65	43	60	47	42	-57	50	0	39	536
F670:	50	43	76	71	-60	69	63	41	70	48	43	67	75	63	67	65	57	49	58	0	44	1059
Y671:	10	15	19	-28	-12	35	14	8	-3	10	10	-14	41	-40	8	-13	8	10	33	0	-50	61
E672:	-21	-9	1	-71	20	25	13	-1	4	-27	-5	3	44	-18	17	-7	-52	-33	37	0	15	-65
E673:	-3	12	4	-75	33	29	29	32	3	34	24	4	28	-8	46	19	12	25	45	0	32	325
Q674:	35	40	66	48	50	66	56	47	64	50	33	60	72	-87	61	48	53	36	62	0	44	904
P675:	26	27	65	62	56	58	48	53	63	51	41	53	-80	44	66	43	46	48	61	0	54	885
K676:	-19	11	12	-15	5	15	-24	-16	-81	-17	-25	-25	-13	-22	-45	-18	-14	-14	27	0	15	-263
I677:	-10	4	55	45	11	47	37	-87	45	-63	-18	40	43	30	46	28	-36	-87	35	0	21	186
K678:	-25	18	-40	-58	24	6	-29	-22	-85	-24	-28	-27	-6	-48	-60	-41	-34	-21	35	0	22	-443
P679:	-35	-29	-6	-36	3	4	-17	-18	-23	-28	-17	-31	-50	-33	-11	-38	-57	-39	28	0	-2	-435
I680:	-24	-18	-8	-36	-33	-8	-26	-76	-74	-59	-70	-59	-9	-45	-62	-53	-53	-48	19	0	-30	-772
K681:	-28	-8	12	-37	0	9	-25	-18	-77	-22	-23	-18	6	-33	-42	-49	-49	-20	33	0	1	-388
L682:	4	6	39	27	-50	33	7	-44	11	-65	-38	14	29	6	14	0	-41	-48	14	0	-39	-121
T683:	24	27	56	47	49	46	40	40	45	45	37	24	36	31	51	-1	-62	37	51	0	42	665
T684:	-11	-13	41	21	-43	11	-11	-31	20	-42	-15	4	23	-4	18	-21	-69	-47	23	0	-46	-192
S685:	-54	-43	-21	-44	-5	-40	-37	-17	-44	-20	-24	-68	-17	-50	-30	-87	-66	-29	29	0	-10	-677
D686:	-9	22	-77	-57	51	42	48	51	26	52	45	2	63	-15	55	-35	-43	43	62	0	54	380
L687:	40	22	76	66	22	73	61	-35	69	-89	-57	65	70	54	68	54	51	6	53	0	38	707
L688:	45	29	72	66	-20	70	55	-43	67	-76	-25	58	70	49	65	56	46	-19	48	0	24	637
K689:	-12	27	27	-27	50	26	-13	1	-89	2	22	-3	23	-41	-60	-50	-13	4	61	0	47	-18
L690:	28	13	58	43	-19	48	28	-14	27	-76	-51	39	49	19	30	31	25	-7	29	0	-2	298
F691:	60	55	80	75	-26	76	68	-28	70	-24	23	74	75	66	69	69	65	26	65	0	34	972
P692:	41	36	69	70	61	64	48	51	70	52	42	61	-78	54	71	52	41	49	65	0	58	977
E693:	-12	13	-47	-81	30	-6	33	31	16	33	26	-37	-18	-25	15	0	-8	20	47	0	35	65
D694:	-26	-21	-49	-32	-25	-7	-49	-14	2	-12	-11	-29	9	-29	-8	-35	-38	-38	10	0	-59	-461
V695:	-23	-11	-30	-42	-9	5	-11	-45	-38	-32	-42	-22	-11	-66	-19	-38	-36	-71	36	0	-16	-521
Q696:	-9	15	-3	-52	20	26	6	14	-26	15	5	2	7	-65	-2	-5	-27	10	23	0	17	-29
F697:	38	31	62	58	-34	56	32	10	49	14	21	49	57	37	46	43	33	21	36	0	-51	608
V698:	25	23	51	47	8	42	34	-47	45	-27	2	35	39	22	43	11	13	-57	33	0	10	352
I699:	32	29	56	46	0	44	21	-36	10	-18	-7	21	44	25	9	21	24	8	34	0	-16	347
S700:	-36	-15	13	-22	10	-8	-16	-26	-34	-19	-8	-39	7	-43	-13	-79	-68	-19	40	0	7	-368
T701:	-1	17	41	26	38	27	29	22	5	17	20	12	28	0	19	-14	-59	8	46	0	29	310
P702:	-7	25	-17	-15	30	25	13	17	-4	16	11	-12	-28	-37	22	-10	-13	12	49	0	25	102
P703:	-19	4	28	-6	11	26	-28	7	7	3	3	7	-16	-32	19	-9	-7	-2	29	0	-8	17
N704:	-27	-8	-27	-52	5	-17	-24	-2	-34	-6	-11	-63	-8	-68	-38	-45	-46	-12	34	0	-9	-458
T705:	-16	-2	21	-2	-3	9	11	-12	-6	2	-14	-12	7	-25	1	-44	-63	-3	30	0	7	-114
I706:	16	27	40	24	21	39	37	-41	6	-15	-7	22	42	14	27	-13	-30	2	55	0	21	287
T707:	-7	12	29	11	34	16	-11	26	4	19	19	-27	19	-13	12	-48	-65	15	55	0	19	119
S708:	-5	20	39	20	41	18	12	21	-1	23	18	-1	29	-6	5	-68	-7	13	47	0	39	257
A709:	-62	7	35	-1	23	9	12	2	20	8	9	11	2	11	16	-24	-8	-8	55	0	17	134
S710:	-1	26	47	41	42	33	31	43	37	42	34	6	45	27	44	-71	-38	37	49	0	32	506
T711:	-10	19	47	39	39	28	20	28	34	28	25	-7	22	11	40	-31	-66	15	47	0	19	347
S712:	-16	14	28	8	36	12	1	21	11	18	27	-19	-1	-38	15	-78	-39	6	44	0	36	86
D713:	1	29	-44	-13	51	21	32	34	28	35	32	9	38	8	34	-3	-9	22	61	0	52	418
N714:	-32	-12	-24	-43	3	-18	-50	-4	-52	-8	-11	-74	-34	-50	-23	-56	-55	-17	31	0	11	-518
C715:	7	-27	58	55	23	45	24	21	46	13	27	32	52	32	46	8	10	14	50	0	13	549
T716:	-2	13	48	40	29	30	22	26	31	23	-7	17	-1	5	33	-34	-63	16	42	0	18	286
S717:	-2	19	55	41	40	29	20	0	29	22	22	0	32	-10	36	-34	-10	-23	62	0	40	368
S718:	-4	26	39	18	42	28	19	35	11	31	18	15	35	-19	21	-44	-37	24	64	0	40	362
Q719:	-16	8	25	-5	16	27	4	2	-37	-1	-11	11	0	-66	-36	-23	-10	-4	44	0	9	-63
S720:	-5	20	32	-1	41	21	13	38	6	33	32	-26	31	-8	22	-56	-48	26	60	0	34	265
A721:	-49	31	50	49	50	21	55	17	39	20	38	0	2	27	43	-55	-9	9	59	0	47	444
A722:	-61	-3	25	1	21	-9	9	4	-16	0	-3	-4	22	-20	-27	-43	-21	-13	54	0	5	-79
Q723:	6	28	44	18	24	43	19	10	-7	11	3	27	26	-54	3	15	14	-5	45	0	17	287
K724:	1	25	21	13	49	44	13	6	-61	6	-12	24	41	-24	-14	9	8	-4	58	0	48	251
N725:	-3	10	7	2	26	2	1	21	-19	19	11	-54	6	-44	0	-47	-40	11	48	0	20	-23
I726:	23	17	64	43	6	62	50	-61	37	-28	-21	55	41	23	59	1	5	-63	47	0	35	395
E727:	-19	4	14	-55	20	2	9	12	6	8	6	4	32	-35	11	-23	-4	0	45	0	17	54
N728:	8	22	36	26	10	17	10	25	17	12	15	-49	31	-12	22	-7	-28	19	41	0	22	237
F729:	27	34	44	31	-26	45	30	20	13	23	24	7	48	14	17	3	-3	24	30	0	4	409
T730:	-18	0	16	-1	23	9	15	-5	-14	5	-13	-7	9	-23	14	-48	-68	-3	32	0	14	-63
T731:	9	24	43	14	44	29	31	31	27	34	30	20	29	10	13	-21	-56	21	48	0	31	411
L732:	9	11	41	31	-5	17	18	-25	25	-51	-22	9	35	14	26	-4	3	-28	22	0	-1	125
S733:	-31	9	38	19	37	-16	23	29	6	26	23	4	17	7	24	-63	-13	3	62	0	38	242
K734:	35	45	78	67	54	66	38	42	-82	42	32	62	69	40	27	49	49	40	65	0	53	871
Y735:	64	62	78	77	13	76	69	59	78	57	64	75	78	70	76	71	71	59	60	0	-17	1240
D736:	44	42	-33	36	61	44	55	63	70	64	60	-20	70	53	69	25	45	60	70	0	63	941
V737:	-42	26	62	55	38	54	52	-26	56	-8	23	50	41	42	57	17	-9	-59	49	0	40	518
Y738:	69	66	84	81	44	80	68	65	82	67	68	79	84	71	80	75	75	65	61	0	-62	1302
S739:	-6	23	47	52	47	42	35	38	53	44	36	-10	53	26	51	-79	-23	34	59	0	47	569
S740:	-52	29	64	53	53	25	40	49	54	50	44	41	56	36	52	-45	-40	41	61	0	53	664
T741:	11	32	62	56	57	50	45	52	37	52	41	43	20	33	56	-36	-73	46	58	0	50	692
S742:	-1	43	51	67	69	20	55	68	66	68	61	10	34	50	68	-80	-18	61	77	0	68	837
F743:	65	55	83	79	-70	78	73	52	79	62	53	76	81	72	76	71	67	61	63	0	43	1219
I744:	46	36	64	53	38	63	55	-79	62	19	15	56	62	46	60	48	44	25	50	0	40	803
P745:	49	48	75	75	71	70	65	66	75	67	60	68	-65	61	78	59	62	62	73	0	68	1187
S746:	-54	-3	10	-10	32	-31	9	31	-16	30	18	-45	-11	-55	-13	-90	-55	-13	46	0	29	-191
T747:	4	25	28	26	47	16	12	24	-14	25	36	-48	18	-3	18	-32	-77	12	55	0	44	216
S748:	-29	-8	15	-17	19	-2	-10	11	-51	4	-3	-28	-45	-33	-23	-77	-44	-6	52	0	14	-261
K749:	6	22	45	27	32	38	10	7	-49	9	4	13	16	13	2	-2	15	-4	53	0	29	286
N750:	-13	-6	18	9	-17	-5	-33	-4	2	-13	-7	-50	6	-26	-3	-23	-51	-15	8	0	-40	-263
T751:	17	36	58	49	54	25	56	32	47	25	42	36	37	24	51	1	-55	27	60	0	51	673
N752:	7	26	26	26	43	8	4	37	17	20	15	-67	15	-10	21	-18	-43	11	52	0	24	214
T753:	-1	27	52	32	53	43	42	38	23	36	35	26	4	10	43	-2	-55	15	73	0	46	540
N754:	16	24	45	37	40	21	15	36	31	36	25	-19	15	-1	37	-5	-20	29	58	0	34	454
V755:	30	35	66	59	28	61	49	-14	65	14	10	55	62	53	64	35	30	-54	55	0	27	730
S756:	-22	-4	15	0	21	-7	-6	16	-13	14	8	-33	9	-22	-2	-76	-45	5	44	0	22	-76
K757:	9	37	59	28	22	49	26	24	-36	25	23	42	58	24	8	30	25	23	63	0	39	578
Q758:	-12	14	26	10	20	34	13	9	2	12	4	9	34	-50	17	-14	5	8	46	0	18	205
Q759:	-8	11	25	5	7	32	-5	4	-3	-2	-1	-8	28	-49	-2	-11	-20	-1	28	0	-9	21
Q760:	-7	12	26	-2	15	18	-2	-14	7	1	-1	8	34	-58	19	-5	1	-7	42	0	13	100
Q761:	14	30	40	34	38	48	36	30	32	31	23	0	47	-29	37	-10	1	26	59	0	36	523
P762:	33	45	53	43	59	52	44	46	53	49	53	33	-17	41	60	33	15	42	62	0	26	825
Q763:	-7	19	31	6	25	40	22	7	0	7	5	12	32	-51	23	-19	-13	-9	49	0	18	197
N764:	5	27	38	37	44	7	31	41	32	43	36	-60	44	16	48	-7	-17	35	52	0	35	487
S765:	2	16	26	28	40	27	15	36	23	34	31	-5	26	8	30	-63	-13	27	65	0	37	390
T766:	-4	13	31	24	36	24	16	21	15	23	20	-10	24	4	24	-22	-68	8	51	0	29	259
P767:	13	21	33	39	41	37	21	34	36	32	3	-33	-20	17	42	-22	-22	29	57	0	36	394
C768:	-6	-28	49	43	25	25	31	21	35	22	27	7	49	26	42	6	10	10	41	0	7	442
S769:	-4	20	43	18	34	20	23	28	17	25	31	-17	26	-17	23	-62	-18	19	41	0	25	275
S770:	-2	6	41	29	44	25	3	31	17	28	18	-24	19	-1	22	-58	-60	18	54	0	8	218
N771:	23	41	34	36	53	20	17	52	32	42	46	-47	19	7	34	9	8	34	65	0	38	563
R772:	38	57	61	56	64	63	36	43	13	41	33	28	37	33	-25	36	42	45	72	0	50	823
F773:	49	46	66	61	-23	62	46	38	56	41	16	40	61	48	52	48	24	43	42	0	-1	815
L774:	51	41	67	61	9	64	48	10	61	-55	-11	44	65	51	60	54	39	14	46	0	-6	713
F775:	64	61	78	76	-11	75	72	60	74	57	61	68	75	68	71	68	63	63	60	0	17	1220
N776:	27	37	45	44	42	28	39	47	39	49	43	-54	52	31	57	10	15	47	57	0	45	700
K777:	15	35	57	35	45	48	21	26	-35	25	18	23	56	22	-23	29	28	26	67	0	39	557
S778:	-14	16	50	30	35	21	19	35	20	33	28	22	-1	6	33	-52	-35	24	57	0	16	343
S779:	5	20	51	34	39	27	20	37	27	21	25	-9	33	11	9	-57	-32	27	62	0	36	386
L780:	42	34	59	55	-26	52	27	-3	51	-42	-2	38	58	36	49	41	33	12	38	0	-15	537
I781:	19	26	37	24	20	33	18	-36	6	-13	-6	-2	42	6	23	-9	-2	8	33	0	13	240
S782:	-2	22	42	-1	46	18	29	25	19	28	37	-21	-2	3	24	-69	-44	16	56	0	46	272
Q783:	-12	23	19	-1	32	36	17	-2	9	-1	-32	22	31	-53	17	-4	12	-16	45	0	11	153
E784:	-4	12	19	-51	24	14	18	17	17	13	5	11	39	-11	26	9	6	8	55	0	26	253
S785:	-19	-4	39	15	3	10	-26	-19	7	-14	2	-3	13	-17	9	-58	-32	-15	31	0	-10	-88
N786:	4	21	29	26	12	8	-8	24	18	19	19	-52	29	-4	22	-10	-10	16	34	0	-3	194
G787:	11	33	43	41	34	-54	10	45	35	30	30	0	34	5	11	1	-14	22	58	0	25	400
S788:	-17	2	24	-8	28	5	-12	22	-9	18	13	-25	0	-13	5	-74	-73	5	51	0	20	-38
N789:	-11	5	7	8	4	-11	-22	10	-17	-3	-3	-62	-24	-28	-2	-30	-48	-6	17	0	-15	-231
N790:	37	49	57	55	61	44	24	56	51	52	53	-46	62	50	68	28	-6	45	69	0	59	868
N791:	-6	19	19	-15	32	12	6	22	1	23	18	-44	-11	-17	12	-24	-37	13	52	0	23	98
S792:	8	36	58	44	52	35	44	42	37	41	45	21	44	22	40	-47	-12	33	60	0	53	656
G793:	6	28	26	29	41	-18	24	38	25	35	27	6	39	4	32	-32	15	25	55	0	36	441
T794:	6	12	37	33	33	24	18	29	34	30	22	-12	16	10	37	-29	-75	16	63	0	23	327
Q795:	16	26	34	27	30	42	32	29	29	27	19	-6	44	-49	35	-4	-21	20	59	0	24	413
G796:	-17	12	38	21	30	-43	27	2	28	17	19	12	-3	-3	31	-10	9	7	48	0	31	256
P797:	18	37	57	53	44	50	56	36	48	22	29	43	-35	28	51	37	30	30	59	0	43	736
G798:	-7	16	36	20	29	-30	7	30	12	27	21	-19	30	-16	19	-21	1	18	54	0	4	231
S799:	-3	10	6	7	33	10	-3	32	11	28	24	-19	5	-4	17	-70	-11	23	49	0	27	172
M800:	42	55	78	74	19	75	72	-29	77	8	-67	73	75	65	77	67	44	-10	64	0	55	914
N801:	17	30	25	32	41	15	10	44	28	44	36	-59	29	-2	30	-6	-18	27	53	0	42	418
E802:	1	16	22	-44	29	38	27	20	30	23	21	21	45	7	37	17	-16	-2	61	0	29	382
S803:	-10	-1	41	26	22	20	3	22	18	24	18	-8	18	5	23	-73	-61	11	57	0	25	180
Y804:	37	38	51	45	-3	52	15	24	37	25	32	20	54	16	33	13	30	28	24	0	-56	515
S805:	-9	7	5	16	45	13	12	31	16	28	22	-17	18	-9	21	-66	-41	21	53	0	44	210
L806:	35	33	57	48	1	52	25	11	44	-36	4	44	55	24	41	40	38	12	35	0	-9	554
D807:	11	31	-5	-1	50	32	45	45	39	47	39	21	46	-2	45	-20	-1	34	67	0	49	572
N808:	14	37	45	24	55	2	23	37	31	38	44	-51	35	1	34	-20	-26	28	62	0	52	465
S809:	17	24	55	45	28	41	26	37	14	40	34	25	42	22	39	-48	-20	19	62	0	33	535
F810:	57	60	78	74	-15	73	64	50	74	54	48	66	75	67	72	60	55	56	67	0	50	1185
N811:	30	35	30	44	46	27	24	45	42	46	40	-40	43	18	44	15	12	41	63	0	34	639
T812:	-11	18	37	17	32	0	20	22	11	20	22	-21	27	-4	26	-37	-54	12	44	0	18	199
T813:	0	13	31	23	37	23	24	29	13	29	19	-18	17	-19	24	-38	-57	17	52	0	29	248
N814:	17	31	48	27	32	31	20	35	21	34	33	-17	40	-6	27	12	7	29	60	0	18	499
T815:	7	32	51	34	42	42	33	42	33	35	37	30	33	11	45	4	-27	32	57	0	33	606
N816:	9	24	45	39	21	5	7	25	32	24	30	-21	39	2	33	2	-8	18	41	0	-25	342
M817:	47	61	80	72	40	64	72	33	73	14	-9	75	68	58	80	59	60	29	69	0	45	1090
T818:	-18	0	33	22	9	13	1	12	15	5	7	-3	15	-6	23	-51	-71	-4	31	0	-15	18
R819:	33	56	76	62	68	61	36	41	-5	38	29	51	30	27	-37	46	38	40	75	0	47	812
Q820:	-7	14	30	-4	-14	40	12	6	4	4	-2	11	24	-55	21	-15	-16	1	49	0	11	114
P821:	14	30	45	44	55	39	53	48	41	35	41	22	-42	46	64	4	-5	27	59	0	53	673
T822:	-26	7	44	34	21	4	3	21	20	14	17	1	14	1	33	-39	-68	2	43	0	3	149
T823:	10	29	45	55	52	54	51	48	50	47	38	-4	48	36	34	-24	-71	42	57	0	49	646
L824:	13	24	49	32	0	17	29	-4	20	-42	-10	26	48	14	25	12	9	-4	38	0	-1	295
T825:	-36	-11	14	-4	-2	-37	-30	-1	-17	-10	-3	-30	-3	-28	-7	-50	-71	-18	21	0	-19	-342
R826:	12	32	64	46	42	55	33	25	1	23	21	34	52	23	-27	12	-6	24	66	0	33	565
A827:	-39	27	49	34	63	19	27	30	39	32	33	-6	50	27	46	-10	28	22	69	0	35	575
T828:	5	14	39	23	31	20	12	28	16	27	21	-1	-3	-4	-6	-22	-64	12	36	0	8	192
D829:	2	16	-39	-8	34	18	27	27	33	15	23	4	40	6	35	-10	-10	20	47	0	29	309
A830:	-56	-5	44	43	40	2	47	8	24	3	29	12	24	11	26	-50	-2	-9	52	0	40	283
M831:	40	51	71	69	23	68	61	21	58	-22	-57	54	69	55	68	47	31	30	58	0	47	842
T832:	25	29	59	54	60	47	47	41	51	39	46	26	40	35	56	5	-52	32	62	0	46	748
T833:	12	30	46	41	50	18	46	37	38	38	38	24	34	15	44	-13	-55	29	50	0	43	565
A834:	-47	6	33	28	25	10	15	6	8	7	6	-25	15	5	5	-34	-31	-5	55	0	22	104
P835:	31	44	53	56	65	51	50	59	50	51	54	18	-11	43	60	28	31	45	63	0	51	892
T836:	-4	25	41	32	46	21	29	12	10	21	13	15	25	6	35	-21	-67	9	47	0	27	322
T837:	11	35	61	38	57	51	53	51	57	54	44	-17	37	36	60	-7	-67	45	60	0	50	709
P838:	24	42	52	65	63	48	57	57	54	57	50	18	-33	53	70	-21	-12	41	64	0	61	810
I839:	28	23	48	43	26	43	47	-46	35	-15	3	30	45	25	40	6	-11	2	42	0	31	445
P840:	-19	4	23	18	30	19	18	16	13	19	16	-22	-29	-6	25	-41	-51	5	48	0	22	108
Y841:	32	36	61	53	-9	42	27	23	49	20	31	41	58	32	44	25	31	26	29	0	-56	595
K842:	8	31	50	34	41	38	24	3	-49	2	6	18	41	12	-4	-10	-19	4	48	0	37	315
N843:	11	31	33	31	44	9	-2	-1	25	20	0	-70	2	-14	24	-12	-18	7	52	0	22	194
T844:	9	29	45	40	49	47	46	45	38	45	38	19	34	30	52	8	-58	40	52	0	44	652
S845:	-8	7	50	31	32	24	17	33	29	29	44	-1	29	6	32	-64	-59	20	33	0	30	314
G846:	15	46	66	59	67	-38	46	51	56	51	59	35	42	32	57	-16	28	46	73	0	67	842
S847:	7	22	62	46	43	36	34	43	45	43	31	4	46	23	47	-59	-34	35	53	0	42	569
S848:	-10	15	40	14	33	20	12	31	-5	23	24	-1	14	-3	12	-62	-19	20	53	0	34	245
N849:	-26	-3	4	-13	-12	-12	-39	-1	-18	-12	-4	-68	-37	-46	-10	-59	-55	-14	22	0	-22	-425
N850:	8	13	13	23	29	-5	-10	28	17	27	35	-63	22	-12	22	-22	-15	22	54	0	23	209
N851:	-24	15	10	3	35	-5	-9	9	-2	8	0	-73	7	-46	5	-56	-55	-2	45	0	11	-124
L852:	29	25	55	43	11	43	27	3	-2	-47	-15	28	49	13	11	9	-7	6	34	0	13	328
W853:	54	50	66	64	38	55	59	50	61	48	45	45	68	51	59	38	32	54	-47	0	36	926
I854:	26	25	49	41	-8	42	27	-41	36	-25	-7	30	52	28	38	17	13	1	31	0	-15	360
E855:	11	28	36	-52	25	42	44	43	46	20	33	29	52	0	40	27	16	37	51	0	37	565
S856:	-20	10	50	36	65	16	57	42	31	42	57	0	20	11	38	-74	-24	30	75	0	66	528
P857:	44	42	65	62	61	59	56	56	60	61	52	47	-35	50	65	37	46	54	60	0	58	1000
M858:	14	19	49	38	7	40	30	6	38	-8	-61	28	15	17	35	7	-47	-3	42	0	6	272
T859:	-20	-1	26	14	20	-12	13	21	16	19	7	-2	13	-14	26	-39	-76	5	30	0	-2	44
N860:	10	25	25	24	40	10	8	27	22	28	33	-59	25	-6	25	-8	-34	19	48	0	27	289
F861:	36	40	59	37	-43	38	37	25	45	8	30	45	52	33	37	36	35	28	41	0	4	623
K862:	4	14	46	20	25	33	3	4	-65	4	0	13	33	7	-14	-9	-52	5	46	0	23	140
G863:	41	49	79	74	70	-48	65	66	75	67	61	72	52	55	73	50	59	60	74	0	70	1164
S864:	-21	11	41	24	34	-28	14	35	23	32	25	0	10	7	27	-61	-42	20	56	0	32	239
T865:	15	35	41	43	54	32	51	30	41	34	43	19	35	17	45	-10	-65	25	54	0	50	589
I866:	48	49	75	72	-19	71	67	-59	71	-25	1	65	71	63	71	51	46	-23	60	0	28	783
S867:	-16	9	27	6	31	17	14	21	1	18	17	-30	25	-12	13	-57	-43	-1	56	0	29	125
K868:	14	33	54	45	43	45	33	9	-31	11	21	31	45	23	12	-9	-20	11	51	0	40	461
S869:	-19	4	15	-10	27	-10	-12	13	-39	7	1	-53	-17	-26	-6	-72	-41	0	37	0	28	-173
T870:	-9	-3	34	27	-24	22	4	6	21	-5	-17	-21	17	-8	20	-13	-60	-18	30	0	-13	-10
N871:	7	25	34	16	37	17	18	26	12	27	21	-38	34	-17	19	-4	-6	17	58	0	34	337
K872:	10	28	54	34	41	34	25	24	-31	22	19	33	54	21	13	15	26	22	60	0	39	543
S873:	-20	8	44	34	46	-12	16	46	25	32	38	9	29	9	34	-62	0	22	57	0	36	391
K874:	29	43	73	55	50	64	40	36	-40	24	-1	57	66	30	17	41	37	36	59	0	49	765
M875:	51	52	76	73	42	70	68	26	75	16	-35	70	72	62	73	64	60	27	64	0	50	1056
V876:	55	45	79	73	53	76	74	27	75	52	38	69	77	64	76	67	56	-72	71	0	63	1118
N877:	22	23	36	45	37	12	21	35	39	37	29	-62	41	10	42	-1	15	31	48	0	35	495
T878:	20	24	71	63	56	58	53	51	63	46	38	42	58	44	66	-33	-84	41	59	0	53	789
G879:	45	52	81	76	75	-63	70	74	78	76	69	73	78	64	77	52	67	68	80	0	77	1269
K880:	56	56	85	77	67	77	56	54	-61	56	40	74	77	58	50	64	66	55	75	0	64	1146
N881:	28	19	46	47	50	27	26	45	46	49	39	-83	52	16	46	15	16	38	62	0	46	630
Y882:	80	76	90	88	58	89	83	75	90	79	81	87	92	85	89	85	87	76	76	0	-31	1535
I883:	58	47	82	78	52	80	73	-79	81	34	30	73	82	70	80	68	65	33	75	0	63	1145
L884:	59	50	81	76	42	76	68	30	75	-78	21	72	74	65	71	69	64	37	67	0	55	1074
G885:	53	60	84	82	78	-67	75	76	84	76	75	74	80	69	80	57	71	72	82	0	77	1338
G886:	42	46	77	74	72	-84	62	68	78	71	67	56	70	55	75	45	58	63	76	0	71	1142
H887:	56	55	75	71	57	67	-85	60	70	63	53	59	77	44	61	63	67	56	65	0	39	1073
N888:	47	48	54	66	62	35	53	61	64	61	56	-54	65	47	67	14	24	58	71	0	61	960
K889:	44	44	77	67	56	65	27	39	-56	42	33	62	73	46	-78	54	55	42	65	0	52	809
V890:	33	43	69	66	47	66	66	-37	68	17	39	61	62	58	66	59	35	-64	60	0	54	868
K891:	21	40	59	42	49	49	14	20	-62	17	23	38	44	18	-31	35	30	18	57	0	33	514
N892:	40	43	61	62	60	41	40	59	59	60	51	-72	61	30	57	33	34	54	72	0	58	903
N893:	35	29	66	64	57	40	36	53	58	57	47	-75	61	27	55	30	32	50	70	0	55	847
S894:	18	29	71	56	54	48	47	57	56	53	46	42	67	39	59	-81	26	50	65	0	48	850
R895:	51	54	87	73	66	77	52	58	40	55	48	66	80	51	-80	65	62	59	74	0	66	1104
A896:	-89	15	72	64	59	-16	59	44	64	50	44	52	55	52	64	-48	-32	28	69	0	58	664
Q897:	0	6	33	14	20	42	10	14	12	13	-5	27	38	-91	16	13	14	5	29	0	12	222
S898:	14	28	65	57	58	43	49	57	62	58	47	40	70	37	61	-83	34	51	69	0	58	875
I899:	60	42	81	78	51	78	72	-82	78	23	28	73	75	69	78	67	60	26	71	0	61	1089
H900:	48	47	71	64	48	63	-80	51	61	54	46	49	75	38	56	54	58	46	58	0	37	944
I901:	51	29	77	72	38	76	67	-87	78	-36	22	68	78	63	76	60	57	-47	62	0	41	845
D902:	32	28	-83	25	56	46	53	55	66	59	53	33	65	41	65	29	34	50	67	0	59	833
D903:	-6	18	-50	-44	43	10	36	23	-7	23	34	-33	34	-45	12	-19	-7	14	53	0	44	133
F904:	58	45	79	73	-81	71	62	40	72	45	41	70	78	64	69	66	63	49	46	0	26	1036
E905:	16	17	42	-75	33	48	30	31	40	32	24	36	54	13	41	39	35	24	44	0	33	557
N906:	-23	9	-22	-27	1	-36	-67	-8	-62	-10	-19	-91	-6	-69	-43	-49	-47	-17	42	0	-14	-558
E907:	-39	-6	-73	-88	1	-12	-41	-30	-37	-28	-33	-69	-15	-61	-34	-33	-39	-39	20	0	8	-648
N908:	1	0	-39	-14	17	-20	-9	15	-13	17	7	-86	20	-21	16	-33	-10	10	28	0	14	-100
N909:	-12	13	-20	-10	3	-31	-67	-6	-18	0	21	-90	0	-46	-18	-46	-44	-14	48	0	-13	-350
